1,北京,0,,1
2,天津,0,,1
3,河北省,0,,1
4,山西省,0,,1
5,内蒙古自治区,0,,1
6,辽宁省,0,,1
7,吉林省,0,,1
8,黑龙江省,0,,1
9,上海,0,,1
10,江苏省,0,,1
11,浙江省,0,,1
12,安徽省,0,,1
13,福建省,0,,1
14,江西省,0,,1
15,山东省,0,,1
16,河南省,0,,1
17,湖北省,0,,1
18,湖南省,0,,1
19,广东省,0,,1
20,广西壮族自治区,0,,1
21,海南省,0,,1
22,重庆,0,,1
23,四川省,0,,1
24,贵州省,0,,1
25,云南省,0,,1
26,西藏自治区,0,,1
27,陕西省,0,,1
28,甘肃省,0,,1
29,青海省,0,,1
30,宁夏回族自治区,0,,1
31,新疆维吾尔自治区,0,,1
32,台湾省,0,,1
33,香港特别行政区,0,,1
34,澳门特别行政区,0,,1
35,海外,0,,1
36,北京市,1,100000,2
37,东城区,36,100000,3
38,西城区,36,100000,3
39,上海市,9,200000,2
40,天津市,2,300000,2
41,朝阳区,36,122000,3
42,丰台区,36,100000,3
43,石景山区,36,100000,3
44,海淀区,36,100000,3
45,门头沟区,36,100000,3
46,房山区,36,100000,3
47,通州区,36,100000,3
48,顺义区,36,100000,3
49,昌平区,36,102200,3
50,大兴区,36,100000,3
51,怀柔区,36,100000,3
52,平谷区,36,100000,3
53,密云区,36,100000,3
54,延庆县,36,100000,3
55,和平区,40,300000,3
56,河东区,40,300000,3
57,河西区,40,300000,3
58,南开区,40,300000,3
59,河北区,40,300000,3
60,红桥区,40,300000,3
61,塘沽区,40,300000,3
62,重庆市,22,404100,2
64,东丽区,40,300000,3
65,西青区,40,300000,3
66,津南区,40,300000,3
67,北辰区,40,300000,3
68,武清区,40,300000,3
69,宝坻区,40,300000,3
70,宁河县,40,300000,3
71,静海县,40,300000,3
72,蓟县,40,300000,3
73,石家庄市,3,050000,2
74,唐山市,3,063000,2
75,秦皇岛市,3,066000,2
76,邯郸市,3,056000,2
77,邢台市,3,054000,2
78,保定市,3,071000,2
79,张家口市,3,075000,2
80,承德市,3,067400,2
81,衡水市,3,053000,2
82,廊坊市,3,065000,2
83,沧州市,3,061000,2
84,太原市,4,030000,2
85,大同市,4,163000,2
86,阳泉市,4,045000,2
87,长治市,4,046000,2
88,晋城市,4,048000,2
89,朔州市,4,036000,2
90,晋中市,4,030600,2
91,运城市,4,044000,2
92,忻州市,4,034000,2
93,临汾市,4,041000,2
94,吕梁市,4,033000,2
95,呼和浩特市,5,010000,2
96,包头市,5,014000,2
97,乌海市,5,016000,2
98,赤峰市,5,024000,2
99,通辽市,5,028000,2
100,鄂尔多斯市,5,017000,2
101,呼伦贝尔市,5,021000,2
102,巴彦淖尔市,5,015000,2
103,乌兰察布市,5,012000,2
104,兴安盟,5,137400,2
105,锡林郭勒盟,5,026000,2
106,阿拉善盟,5,016055,2
107,沈阳市,6,110000,2
108,大连市,6,116000,2
109,鞍山市,6,114000,2
110,抚顺市,6,113100,2
111,本溪市,6,117100,2
112,丹东市,6,118000,2
113,锦州市,6,121000,2
114,营口市,6,115000,2
115,阜新市,6,123100,2
116,辽阳市,6,111200,2
117,盘锦市,6,124000,2
118,铁岭市,6,112600,2
119,朝阳市,6,122000,2
120,葫芦岛市,6,125000,2
121,长春市,7,130000,2
122,吉林市,7,132013,2
123,四平市,7,136000,2
124,辽源市,7,136200,2
125,通化市,7,134100,2
126,白山市,7,134300,2
127,松原市,7,138000,2
128,白城市,7,137000,2
129,延边朝鲜族自治州,7,133000,2
130,哈尔滨市,8,150000,2
131,齐齐哈尔市,8,161000,2
132,鸡西市,8,158100,2
133,鹤岗市,8,154100,2
134,双鸭山市,8,155100,2
135,大庆市,8,163000,2
136,伊春市,8,153000,2
137,佳木斯市,8,154000,2
138,七台河市,8,154600,2
139,牡丹江市,8,157000,2
140,黑河市,8,164300,2
141,绥化市,8,152000,2
142,大兴安岭地区,8,165000,2
143,黄浦区,39,200000,3
144,卢湾区,39,200000,3
145,徐汇区,39,200000,3
146,长宁区,39,200000,3
147,静安区,39,200000,3
148,普陀区,39,200000,3
149,闸北区,39,200000,3
150,虹口区,39,200000,3
151,杨浦区,39,200000,3
152,闵行区,39,200000,3
153,宝山区,39,200000,3
154,嘉定区,39,200000,3
155,浦东新区,39,200000,3
156,金山区,39,200000,3
157,松江区,39,200000,3
158,青浦区,39,200000,3
159,南汇区,39,200000,3
160,奉贤区,39,200000,3
161,崇明县,39,200000,3
162,南京市,10,210000,2
163,无锡市,10,214000,2
164,徐州市,10,221000,2
165,常州市,10,213000,2
166,苏州市,10,215000,2
167,南通市,10,226000,2
168,连云港市,10,222000,2
169,淮安市,10,223001,2
170,盐城市,10,224000,2
171,扬州市,10,225000,2
172,镇江市,10,212000,2
173,泰州市,10,225300,2
174,宿迁市,10,223800,2
175,杭州市,11,310000,2
176,宁波市,11,315000,2
177,温州市,11,325000,2
178,嘉兴市,11,314000,2
179,湖州市,11,313000,2
180,绍兴市,11,312000,2
181,舟山市,11,316000,2
182,衢州市,11,324000,2
183,金华市,11,321000,2
184,台州市,11,318000,2
185,丽水市,11,323000,2
186,合肥市,12,230000,2
187,芜湖市,12,241100,2
188,蚌埠市,12,233000,2
189,淮南市,12,232000,2
190,马鞍山市,12,243000,2
191,淮北市,12,235000,2
192,铜陵市,12,244100,2
193,安庆市,12,246000,2
194,黄山市,12,245000,2
195,滁州市,12,239000,2
196,阜阳市,12,236000,2
197,宿州市,12,234000,2
198,巢湖市,12,238000,2
199,六安市,12,237000,2
200,亳州市,12,236000,2
201,池州市,12,247100,2
202,宣城市,12,242000,2
203,福州市,13,350000,2
204,厦门市,13,361000,2
205,莆田市,13,351100,2
206,三明市,13,365000,2
207,泉州市,13,362000,2
208,漳州市,13,363000,2
209,南平市,13,353000,2
210,龙岩市,13,364000,2
211,宁德市,13,352000,2
212,南昌市,14,330200,2
213,景德镇市,14,333000,2
214,萍乡市,14,337000,2
215,九江市,14,332100,2
216,新余市,14,338000,2
217,鹰潭市,14,335000,2
218,赣州市,14,341000,2
219,吉安市,14,343100,2
220,宜春市,14,336000,2
221,抚州市,14,344000,2
222,上饶市,14,334100,2
223,济南市,15,250000,2
224,青岛市,15,266000,2
225,淄博市,15,255000,2
226,枣庄市,15,277000,2
227,东营市,15,257100,2
228,烟台市,15,264000,2
229,潍坊市,15,261000,2
230,济宁市,15,272000,2
231,泰安市,15,271000,2
232,威海市,15,264200,2
233,日照市,15,276800,2
234,莱芜市,15,271100,2
235,临沂市,15,276000,2
236,德州市,15,253000,2
237,聊城市,15,252000,2
238,滨州市,15,256600,2
239,菏泽市,15,274000,2
240,郑州市,16,450000,2
241,开封市,16,475100,2
242,洛阳市,16,471000,2
243,平顶山市,16,467000,2
244,安阳市,16,455100,2
245,鹤壁市,16,458000,2
246,新乡市,16,453700,2
247,焦作市,16,454150,2
248,濮阳市,16,457100,2
249,许昌市,16,461100,2
250,漯河市,16,462000,2
251,三门峡市,16,472000,2
252,南阳市,16,473000,2
253,商丘市,16,476000,2
254,信阳市,16,464000,2
255,周口市,16,466000,2
256,驻马店市,16,463000,2
257,济源市,16,454650,2
258,武汉市,17,430000,2
259,黄石市,17,435000,2
260,十堰市,17,442000,2
261,宜昌市,17,443000,2
262,襄阳市,17,441100,2
263,鄂州市,17,436000,2
264,荆门市,17,448000,2
265,孝感市,17,432000,2
266,荆州市,17,434020,2
267,黄冈市,17,438000,2
268,咸宁市,17,437000,2
269,随州市,17,441300,2
270,恩施土家族苗族自治州,17,445000,2
271,仙桃市,17,433000,2
272,潜江市,17,433100,2
273,天门市,17,431700,2
274,神农架林区,17,442400,2
275,长沙市,18,410000,2
276,株洲市,18,412000,2
277,湘潭市,18,411200,2
278,衡阳市,18,421200,2
279,邵阳市,18,422100,2
280,岳阳市,18,414100,2
281,常德市,18,415000,2
282,张家界市,18,427000,2
283,益阳市,18,413000,2
284,郴州市,18,423000,2
285,永州市,18,425000,2
286,怀化市,18,418000,2
287,娄底市,18,417000,2
288,湘西土家族苗族自治州,18,416000,2
289,广州市,19,510000,2
290,韶关市,19,512000,2
291,深圳市,19,518000,2
292,珠海市,19,519000,2
293,汕头市,19,515000,2
294,佛山市,19,528000,2
295,江门市,19,529000,2
296,湛江市,19,524000,2
297,茂名市,19,525000,2
298,肇庆市,19,526000,2
299,惠州市,19,516000,2
300,梅州市,19,514000,2
301,汕尾市,19,516600,2
302,河源市,19,517000,2
303,阳江市,19,529500,2
304,清远市,19,511500,2
305,东莞市,19,523000,2
306,中山市,19,116000,2
307,潮州市,19,521000,2
308,揭阳市,19,522000,2
309,云浮市,19,527300,2
310,南宁市,20,530000,2
311,柳州市,20,545000,2
312,桂林市,20,541000,2
313,梧州市,20,543000,2
314,北海市,20,536000,2
315,防城港市,20,538000,2
316,钦州市,20,535000,2
317,贵港市,20,537000,2
318,玉林市,20,537000,2
319,百色市,20,533000,2
320,贺州市,20,542800,2
321,河池市,20,547000,2
322,来宾市,20,546100,2
323,崇左市,20,532200,2
324,海口市,21,570100,2
325,三亚市,21,572000,2
326,五指山市,21,572200,2
327,琼海市,21,571400,2
328,儋州市,21,571700,2
329,文昌市,21,571300,2
330,万宁市,21,571500,2
331,东方市,21,572600,2
332,定安县,21,571229,2
333,屯昌县,21,571600,2
334,澄迈县,21,571900,2
335,临高县,21,571800,2
336,白沙黎族自治县,21,572800,2
337,昌江黎族自治县,21,572700,2
338,乐东黎族自治县,21,572500,2
339,陵水黎族自治县,21,572400,2
340,保亭黎族苗族自治县,21,572300,2
341,琼中黎族苗族自治县,21,572900,2
342,西沙群岛,21,572000,2
343,南沙群岛,21,,2
344,中沙群岛的岛礁及其海域,21,,2
345,万州区,62,404100,3
346,涪陵区,62,404100,3
347,渝中区,62,404100,3
348,大渡口区,62,404100,3
349,江北区,62,404100,3
350,沙坪坝区,62,404100,3
351,九龙坡区,62,404100,3
352,南岸区,62,404100,3
353,北碚区,62,404100,3
354,双桥区,62,404100,3
355,万盛区,62,404100,3
356,渝北区,62,404100,3
357,巴南区,62,404100,3
358,黔江区,62,404100,3
359,长寿区,62,404100,3
360,綦江区,62,404100,3
361,潼南县,62,404100,3
362,铜梁县,62,404100,3
363,大足区,62,404100,3
364,荣昌县,62,404100,3
365,璧山县,62,404100,3
366,梁平县,62,404100,3
367,城口县,62,404100,3
368,丰都县,62,404100,3
369,垫江县,62,404100,3
370,武隆县,62,404100,3
371,忠县,62,404100,3
372,开县,62,404100,3
373,云阳县,62,404100,3
374,奉节县,62,404100,3
375,巫山县,62,404100,3
376,巫溪县,62,404100,3
377,石柱土家族自治县,62,409100,3
378,秀山土家族苗族自治县,62,409900,3
379,酉阳土家族苗族自治县,62,409800,3
380,彭水苗族土家族自治县,62,409600,3
381,江津区,62,404100,3
382,合川区,62,404100,3
383,永川区,62,404100,3
384,南川区,62,404100,3
385,成都市,23,610000,2
386,自贡市,23,643000,2
387,攀枝花市,23,617000,2
388,泸州市,23,646000,2
389,德阳市,23,618000,2
390,绵阳市,23,621000,2
391,广元市,23,628000,2
392,遂宁市,23,629000,2
393,内江市,23,641000,2
394,乐山市,23,614000,2
395,南充市,23,637000,2
396,眉山市,23,620000,2
397,宜宾市,23,644600,2
398,广安市,23,638550,2
399,达州市,23,635000,2
400,雅安市,23,625000,2
401,巴中市,23,636600,2
402,资阳市,23,641300,2
403,阿坝藏族羌族自治州,23,624600,2
404,甘孜藏族自治州,23,626700,2
405,凉山彝族自治州,23,615000,2
406,贵阳市,24,550000,2
407,六盘水市,24,553000,2
408,遵义市,24,563100,2
409,安顺市,24,561000,2
410,铜仁地区,24,554300,2
411,黔西南布依族苗族自治州,24,562400,2
412,毕节地区,24,551700,2
413,黔东南苗族侗族自治州,24,556000,2
414,黔南布依族苗族自治州,24,558000,2
415,昆明市,25,650000,2
416,曲靖市,25,655000,2
417,玉溪市,25,653100,2
418,保山市,25,678000,2
419,昭通市,25,657000,2
420,丽江市,25,674100,2
421,思茅市,25,665001,2
422,临沧市,25,677000,2
423,楚雄彝族自治州,25,675000,2
424,红河哈尼族彝族自治州,25,654400,2
425,文山壮族苗族自治州,25,663000,2
426,西双版纳傣族自治州,25,666100,2
427,大理白族自治州,25,671000,2
428,德宏傣族景颇族自治州,25,678400,2
429,怒江傈僳族自治州,25,673100,2
430,迪庆藏族自治州,25,674400,2
431,拉萨市,26,850000,2
432,昌都地区,26,854000,2
433,山南地区,26,856000,2
434,日喀则地区,26,857000,2
435,那曲地区,26,852000,2
436,阿里地区,26,859000,2
437,林芝地区,26,860100,2
438,西安市,27,710000,2
439,铜川市,27,727000,2
440,宝鸡市,27,721000,2
441,咸阳市,27,712000,2
442,渭南市,27,714000,2
443,延安市,27,716000,2
444,汉中市,27,723000,2
445,榆林市,27,719000,2
446,安康市,27,725000,2
447,商洛市,27,726000,2
448,兰州市,28,730000,2
449,嘉峪关市,28,735100,2
450,金昌市,28,737100,2
451,白银市,28,730900,2
452,天水市,28,741000,2
453,武威市,28,733000,2
454,张掖市,28,734000,2
455,平凉市,28,744000,2
456,酒泉市,28,735000,2
457,庆阳市,28,745000,2
458,定西市,28,743000,2
459,陇南市,28,742500,2
460,临夏回族自治州,28,731800,2
461,甘南藏族自治州,28,747000,2
462,西宁市,29,810000,2
463,海东地区,29,810600,2
464,海北藏族自治州,29,812200,2
465,黄南藏族自治州,29,811300,2
466,海南藏族自治州,29,813000,2
467,果洛藏族自治州,29,814000,2
468,玉树藏族自治州,29,815000,2
469,海西蒙古族藏族自治州,29,817000,2
470,银川市,30,750000,2
471,石嘴山市,30,753000,2
472,吴忠市,30,751100,2
473,固原市,30,756000,2
474,中卫市,30,755000,2
475,乌鲁木齐市,31,830000,2
476,克拉玛依市,31,834000,2
477,吐鲁番地区,31,838000,2
478,哈密地区,31,839000,2
479,昌吉回族自治州,31,831100,2
480,博尔塔拉蒙古自治州,31,833400,2
481,巴音郭楞蒙古自治州,31,841000,2
482,阿克苏地区,31,843000,2
483,克孜勒苏柯尔克孜自治州,31,845350,2
484,喀什地区,31,844000,2
485,和田地区,31,848000,2
486,伊犁哈萨克自治州,31,835000,2
487,塔城地区,31,834700,2
488,阿勒泰地区,31,836500,2
489,石河子市,31,832000,2
490,阿拉尔市,31,843300,2
491,图木舒克市,31,844000,2
492,五家渠市,31,831300,2
493,台北市,32,100052,2
494,高雄市,32,100052,2
495,基隆市,32,100052,2
496,台中市,32,100052,2
497,台南市,32,100052,2
498,新竹市,32,100052,2
499,嘉义市,32,100052,2
500,台北县,32,100052,2
501,宜兰县,32,,2
502,桃园县,32,56002,2
503,新竹县,32,100052,2
504,苗栗县,32,,2
505,台中县,32,100052,2
506,彰化县,32,,2
507,南投县,32,,2
508,云林县,32,116001,2
509,嘉义县,32,100052,2
510,台南县,32,100052,2
511,高雄县,32,100052,2
512,屏东县,32,,2
513,澎湖县,32,,2
514,台东县,32,53400,2
515,花莲县,32,253300,2
516,中西区,33,999077,2
517,东区,33,999077,2
518,九龙城区,33,999077,2
519,观塘区,33,999077,2
520,南区,33,999077,2
521,深水埗区,33,999077,2
522,黄大仙区,33,999077,2
523,湾仔区,33,999077,2
524,油尖旺区,33,999077,2
525,离岛区,33,999077,2
526,葵青区,33,999077,2
527,北区,33,999077,2
528,西贡区,33,999077,2
529,沙田区,33,999077,2
530,屯门区,33,999077,2
531,大埔区,33,999077,2
532,荃湾区,33,999077,2
533,元朗区,33,999077,2
534,澳门特别行政区,34,999078,2
535,美国,35,,3
536,加拿大,35,,3
537,澳大利亚,35,,3
538,新西兰,35,,3
539,英国,35,,3
540,法国,35,,3
541,德国,35,,3
542,捷克,35,,3
543,荷兰,35,,3
544,瑞士,35,,3
545,希腊,35,,3
546,挪威,35,,3
547,瑞典,35,,3
548,丹麦,35,,3
549,芬兰,35,,3
550,爱尔兰,35,,3
551,奥地利,35,,3
552,意大利,35,,3
553,乌克兰,35,,3
554,俄罗斯,35,,3
555,西班牙,35,,3
556,韩国,35,,3
557,新加坡,35,,3
558,马来西亚,35,,3
559,印度,35,,3
560,泰国,35,,3
561,日本,35,,3
562,巴西,35,,3
563,阿根廷,35,,3
564,南非,35,,3
565,埃及,35,,3
566,其他,36,100000,3
1126,井陉县,73,050000,3
1127,井陉矿区,73,050000,3
1128,元氏县,73,050000,3
1129,平山县,73,050000,3
1130,新乐市,73,050000,3
1131,新华区,73,050000,3
1132,无极县,73,050000,3
1133,晋州市,73,050000,3
1134,栾城县,73,050000,3
1135,桥东区,73,050000,3
1136,桥西区,73,050000,3
1137,正定县,73,050000,3
1138,深泽县,73,050000,3
1139,灵寿县,73,050000,3
1140,藁城市,73,050000,3
1141,行唐县,73,050000,3
1142,裕华区,73,050000,3
1143,赞皇县,73,050000,3
1144,赵县,73,050000,3
1145,辛集市,73,050000,3
1146,长安区,73,050000,3
1147,高邑县,73,050000,3
1148,鹿泉市,73,050000,3
1149,丰南区,74,063000,3
1150,丰润区,74,063000,3
1151,乐亭县,74,063000,3
1152,古冶区,74,063000,3
1153,唐海县,74,063000,3
1154,开平区,74,063000,3
1155,滦南县,74,063000,3
1156,滦县,74,063000,3
1157,玉田县,74,063000,3
1158,路北区,74,063000,3
1159,路南区,74,063000,3
1160,迁安市,74,063000,3
1161,迁西县,74,063000,3
1162,遵化市,74,063000,3
1163,北戴河区,75,066000,3
1164,卢龙县,75,066000,3
1165,山海关区,75,066000,3
1166,抚宁县,75,066000,3
1167,昌黎县,75,066000,3
1168,海港区,75,066000,3
1169,青龙满族自治县,75,066000,3
1170,丛台区,76,056000,3
1171,临漳县,76,056000,3
1172,复兴区,76,056000,3
1173,大名县,76,056000,3
1174,峰峰矿区,76,056000,3
1175,广平县,76,056000,3
1176,成安县,76,056000,3
1177,曲周县,76,056000,3
1178,武安市,76,056000,3
1179,永年县,76,056000,3
1180,涉县,76,056000,3
1181,磁县,76,056000,3
1182,肥乡县,76,056000,3
1183,邯山区,76,056000,3
1184,邯郸县,76,056000,3
1185,邱县,76,056000,3
1186,馆陶县,76,056000,3
1187,魏县,76,056000,3
1188,鸡泽县,76,056000,3
1189,临城县,77,054000,3
1190,临西县,77,054000,3
1191,任县,77,054000,3
1192,内丘县,77,054000,3
1193,南和县,77,054000,3
1194,南宫市,77,054000,3
1195,威县,77,054000,3
1196,宁晋县,77,054000,3
1197,巨鹿县,77,054000,3
1198,平乡县,77,054000,3
1199,广宗县,77,054000,3
1200,新河县,77,054000,3
1201,柏乡县,77,054000,3
1202,桥东区,77,054000,3
1203,桥西区,77,054000,3
1204,沙河市,77,054000,3
1205,清河县,77,054000,3
1206,邢台县,77,054000,3
1207,隆尧县,77,054000,3
1208,北市区,78,071000,3
1209,南市区,78,071000,3
1210,博野县,78,071000,3
1211,唐县,78,071000,3
1212,安国市,78,071000,3
1213,安新县,78,071000,3
1214,定兴县,78,071000,3
1215,定州市,78,071000,3
1216,容城县,78,071000,3
1217,徐水县,78,071000,3
1218,新市区,78,071000,3
1219,易县,78,071000,3
1220,曲阳县,78,071000,3
1221,望都县,78,071000,3
1222,涞水县,78,071000,3
1223,涞源县,78,071000,3
1224,涿州市,78,071000,3
1225,清苑县,78,071000,3
1226,满城县,78,071000,3
1227,蠡县,78,071000,3
1228,阜平县,78,071000,3
1229,雄县,78,071000,3
1230,顺平县,78,071000,3
1231,高碑店市,78,071000,3
1232,高阳县,78,071000,3
1233,万全县,79,075000,3
1234,下花园区,79,075000,3
1235,宣化区,79,075000,3
1236,宣化县,79,075000,3
1237,尚义县,79,075000,3
1238,崇礼县,79,075000,3
1239,康保县,79,075000,3
1240,张北县,79,075000,3
1241,怀安县,79,075000,3
1242,怀来县,79,075000,3
1243,桥东区,79,075000,3
1244,桥西区,79,075000,3
1245,沽源县,79,075000,3
1246,涿鹿县,79,075000,3
1247,蔚县,79,075000,3
1248,赤城县,79,075000,3
1249,阳原县,79,075000,3
1250,丰宁满族自治县,80,067400,3
1251,兴隆县,80,067400,3
1252,双桥区,80,067400,3
1253,双滦区,80,067400,3
1254,围场满族蒙古族自治县,80,067400,3
1255,宽城满族自治县,80,067400,3
1256,平泉县,80,067400,3
1257,承德县,80,067400,3
1258,滦平县,80,067400,3
1259,隆化县,80,067400,3
1260,鹰手营子矿区,80,067400,3
1261,冀州市,81,053000,3
1262,安平县,81,053000,3
1263,故城县,81,053000,3
1264,景县,81,053000,3
1265,枣强县,81,053000,3
1266,桃城区,81,053000,3
1267,武强县,81,053000,3
1268,武邑县,81,053000,3
1269,深州市,81,053000,3
1270,阜城县,81,053000,3
1271,饶阳县,81,053000,3
1272,三河市,82,065000,3
1273,固安县,82,065000,3
1274,大厂回族自治县,82,065000,3
1275,大城县,82,065000,3
1276,安次区,82,065000,3
1277,广阳区,82,065000,3
1278,文安县,82,065000,3
1279,永清县,82,065000,3
1280,霸州市,82,065000,3
1281,香河县,82,065000,3
1282,东光县,83,061000,3
1283,任丘市,83,061000,3
1284,南皮县,83,061000,3
1285,吴桥县,83,061000,3
1286,孟村回族自治县,83,061000,3
1287,新华区,83,061000,3
1288,沧县,83,061000,3
1289,河间市,83,061000,3
1290,泊头市,83,061000,3
1291,海兴县,83,061000,3
1292,献县,83,061000,3
1293,盐山县,83,061000,3
1294,肃宁县,83,061000,3
1295,运河区,83,061000,3
1296,青县,83,061000,3
1297,黄骅市,83,061000,3
1298,万柏林区,84,030000,3
1299,古交市,84,030000,3
1300,娄烦县,84,030000,3
1301,小店区,84,030000,3
1302,尖草坪区,84,030000,3
1303,晋源区,84,030000,3
1304,杏花岭区,84,030000,3
1305,清徐县,84,030000,3
1306,迎泽区,84,030000,3
1307,阳曲县,84,030000,3
1308,南郊区,85,163000,3
1309,城区,85,163000,3
1310,大同县,85,163000,3
1311,天镇县,85,163000,3
1312,左云县,85,163000,3
1313,广灵县,85,163000,3
1314,新荣区,85,163000,3
1315,浑源县,85,163000,3
1316,灵丘县,85,163000,3
1317,矿区,85,163000,3
1318,阳高县,85,163000,3
1319,城区,86,045000,3
1320,平定县,86,045000,3
1321,盂县,86,045000,3
1322,矿区,86,045000,3
1323,郊区,86,045000,3
1324,城区,87,046000,3
1325,壶关县,87,046000,3
1326,屯留县,87,046000,3
1327,平顺县,87,046000,3
1328,武乡县,87,046000,3
1329,沁县,87,046000,3
1330,沁源县,87,046000,3
1331,潞城市,87,046000,3
1332,襄垣县,87,046000,3
1333,郊区,87,046000,3
1334,长子县,87,046000,3
1335,长治县,87,046000,3
1336,黎城县,87,046000,3
1337,城区,88,048000,3
1338,沁水县,88,048000,3
1339,泽州县,88,048000,3
1340,阳城县,88,048000,3
1341,陵川县,88,048000,3
1342,高平市,88,048000,3
1343,右玉县,89,036000,3
1344,山阴县,89,036000,3
1345,平鲁区,89,036000,3
1346,应县,89,036000,3
1347,怀仁县,89,036000,3
1348,朔城区,89,036000,3
1349,介休市,90,030600,3
1350,和顺县,90,030600,3
1351,太谷县,90,030600,3
1352,寿阳县,90,030600,3
1353,左权县,90,030600,3
1354,平遥县,90,030600,3
1355,昔阳县,90,030600,3
1356,榆次区,90,030600,3
1357,榆社县,90,030600,3
1358,灵石县,90,030600,3
1359,祁县,90,030600,3
1360,万荣县,91,044000,3
1361,临猗县,91,044000,3
1362,垣曲县,91,044000,3
1363,夏县,91,044000,3
1364,平陆县,91,044000,3
1365,新绛县,91,044000,3
1366,永济市,91,044000,3
1367,河津市,91,044000,3
1368,盐湖区,91,044000,3
1369,稷山县,91,044000,3
1370,绛县,91,044000,3
1371,芮城县,91,044000,3
1372,闻喜县,91,044000,3
1373,五台县,92,034000,3
1374,五寨县,92,034000,3
1375,代县,92,034000,3
1376,保德县,92,034000,3
1377,偏关县,92,034000,3
1378,原平市,92,034000,3
1379,宁武县,92,034000,3
1380,定襄县,92,034000,3
1381,岢岚县,92,034000,3
1382,忻府区,92,034000,3
1383,河曲县,92,034000,3
1384,神池县,92,034000,3
1385,繁峙县,92,034000,3
1386,静乐县,92,034000,3
1387,乡宁县,93,041000,3
1388,侯马市,93,041000,3
1389,古县,93,041000,3
1390,吉县,93,041000,3
1391,大宁县,93,041000,3
1392,安泽县,93,041000,3
1393,尧都区,93,041000,3
1394,曲沃县,93,041000,3
1395,永和县,93,041000,3
1396,汾西县,93,041000,3
1397,洪洞县,93,041000,3
1398,浮山县,93,041000,3
1399,翼城县,93,041000,3
1400,蒲县,93,041000,3
1401,襄汾县,93,041000,3
1402,隰县,93,041000,3
1403,霍州市,93,041000,3
1404,中阳县,94,033000,3
1405,临县,94,033000,3
1406,交口县,94,033000,3
1407,交城县,94,033000,3
1408,兴县,94,033000,3
1409,孝义市,94,033000,3
1410,岚县,94,033000,3
1411,文水县,94,033000,3
1412,方山县,94,033000,3
1413,柳林县,94,033000,3
1414,汾阳市,94,033000,3
1415,石楼县,94,033000,3
1416,离石区,94,033000,3
1417,和林格尔县,95,010000,3
1418,回民区,95,010000,3
1419,土默特左旗,95,010100,3
1420,托克托县,95,010000,3
1421,新城区,95,010000,3
1422,武川县,95,010000,3
1423,清水河县,95,010000,3
1424,玉泉区,95,010000,3
1425,赛罕区,95,010000,3
1426,东河区,96,014000,3
1427,九原区,96,014000,3
1428,固阳县,96,014000,3
1429,土默特右旗,96,014100,3
1430,昆都仑区,96,014000,3
1431,白云矿区,96,014000,3
1432,石拐区,96,014000,3
1433,达尔罕茂明安联合旗,96,014500,3
1434,青山区,96,014000,3
1435,乌达区,97,016000,3
1436,海勃湾区,97,016000,3
1437,海南区,97,016000,3
1438,元宝山区,98,024000,3
1439,克什克腾旗,98,025350,3
1440,喀喇沁旗,98,024400,3
1441,宁城县,98,024000,3
1442,巴林右旗,98,025150,3
1443,巴林左旗,98,025450,3
1444,敖汉旗,98,024300,3
1445,松山区,98,024000,3
1446,林西县,98,024000,3
1447,红山区,98,024000,3
1448,翁牛特旗,98,024500,3
1449,阿鲁科尔沁旗,98,025500,3
1450,奈曼旗,99,028300,3
1451,库伦旗,99,028200,3
1452,开鲁县,99,028000,3
1453,扎鲁特旗,99,029100,3
1454,科尔沁区,99,028000,3
1455,科尔沁左翼中旗,99,029300,3
1456,科尔沁左翼后旗,99,028100,3
1457,霍林郭勒市,99,028000,3
1458,东胜区,100,017000,3
1459,乌审旗,100,017300,3
1460,伊金霍洛旗,100,017200,3
1461,准格尔旗,100,017100,3
1462,杭锦旗,100,017400,3
1463,达拉特旗,100,014300,3
1464,鄂东胜区,100,017000,3
1465,鄂托克前旗,100,016200,3
1466,鄂托克旗,100,016100,3
1467,扎兰屯市,101,021000,3
1468,新巴尔虎右旗,101,021300,3
1469,新巴尔虎左旗,101,021200,3
1470,根河市,101,021000,3
1471,海拉尔区,101,021000,3
1472,满洲里市,101,021000,3
1473,牙克石市,101,021000,3
1474,莫力达瓦达斡尔族自治旗,101,021000,3
1475,鄂伦春自治旗,101,021000,3
1476,鄂温克族自治旗,101,021000,3
1477,阿荣旗,101,162750,3
1478,陈巴尔虎旗,101,021500,3
1479,额尔古纳市,101,021000,3
1480,临河区,102,015000,3
1481,乌拉特中旗,102,015300,3
1482,乌拉特前旗,102,014400,3
1483,乌拉特后旗,102,015500,3
1484,五原县,102,015000,3
1485,杭锦后旗,102,015400,3
1486,磴口县,102,015000,3
1487,丰镇市,103,012000,3
1488,兴和县,103,012000,3
1489,凉城县,103,012000,3
1490,化德县,103,012000,3
1491,卓资县,103,012000,3
1492,商都县,103,012000,3
1493,四子王旗,103,011800,3
1494,察哈尔右翼中旗,103,013500,3
1495,察哈尔右翼前旗,103,012200,3
1496,察哈尔右翼后旗,103,012400,3
1497,集宁区,103,012000,3
1498,乌兰浩特市,104,137400,3
1499,扎赉特旗,104,137600,3
1500,科尔沁右翼中旗,104,029400,3
1501,科尔沁右翼前旗,104,137400,3
1502,突泉县,104,137400,3
1503,阿尔山市,104,137400,3
1504,东乌珠穆沁旗,105,026300,3
1505,二连浩特市,105,026000,3
1506,多伦县,105,026000,3
1507,太仆寺旗,105,027000,3
1508,正蓝旗,105,027200,3
1509,正镶白旗,105,013800,3
1510,苏尼特右旗,105,011200,3
1511,苏尼特左旗,105,011300,3
1512,西乌珠穆沁旗,105,026200,3
1513,锡林浩特市,105,026000,3
1514,镶黄旗,105,013250,3
1515,阿巴嘎旗,105,011400,3
1516,阿拉善右旗,106,737300,3
1517,阿拉善左旗,106,750300,3
1518,额济纳旗,106,735400,3
1519,东陵区,107,110000,3
1520,于洪区,107,110000,3
1521,和平区,107,110000,3
1522,大东区,107,110000,3
1523,康平县,107,110000,3
1524,新民市,107,110000,3
1525,沈北新区,107,110000,3
1526,沈河区,107,110000,3
1527,法库县,107,110000,3
1528,皇姑区,107,110000,3
1529,苏家屯区,107,110000,3
1530,辽中县,107,110000,3
1531,铁西区,107,110000,3
1532,中山区,108,116000,3
1533,庄河市,108,116000,3
1534,旅顺口区,108,116000,3
1535,普兰店市,108,116000,3
1536,沙河口区,108,116000,3
1537,瓦房店市,108,116000,3
1538,甘井子区,108,116000,3
1539,西岗区,108,116000,3
1540,金州区,108,116000,3
1541,长海县,108,116000,3
1542,千山区,109,114000,3
1543,台安县,109,114000,3
1544,岫岩满族自治县,109,114300,3
1545,海城市,109,114000,3
1546,立山区,109,114000,3
1547,铁东区,109,114000,3
1548,铁西区,109,114000,3
1549,东洲区,110,113100,3
1550,抚顺县,110,113100,3
1551,新宾满族自治县,110,113200,3
1552,新抚区,110,113100,3
1553,望花区,110,113100,3
1554,清原满族自治县,110,113300,3
1555,顺城区,110,113100,3
1556,南芬区,111,117100,3
1557,平山区,111,117100,3
1558,明山区,111,117100,3
1559,本溪满族自治县,111,117100,3
1560,桓仁满族自治县,111,117200,3
1561,溪湖区,111,117100,3
1562,东港市,112,118000,3
1563,元宝区,112,118000,3
1564,凤城市,112,118000,3
1565,宽甸满族自治县,112,118200,3
1566,振兴区,112,118000,3
1567,振安区,112,118000,3
1568,义县,113,121000,3
1569,凌河区,113,121000,3
1570,凌海市,113,121000,3
1571,北镇市,113,121000,3
1572,古塔区,113,121000,3
1573,太和区,113,121000,3
1574,黑山县,113,121000,3
1575,大石桥市,114,115000,3
1576,盖州市,114,115000,3
1577,站前区,114,115000,3
1578,老边区,114,115000,3
1579,西市区,114,115000,3
1580,鲅鱼圈区,114,115000,3
1581,太平区,115,123100,3
1582,彰武县,115,123100,3
1583,新邱区,115,123100,3
1584,海州区,115,123100,3
1585,清河门区,115,123100,3
1586,细河区,115,123100,3
1587,蒙古族自治县,115,123100,3
1588,太子河区,116,111200,3
1589,宏伟区,116,111200,3
1590,弓长岭区,116,111200,3
1591,文圣区,116,111200,3
1592,灯塔市,116,111200,3
1593,白塔区,116,111200,3
1594,辽阳县,116,111200,3
1595,兴隆台区,117,124000,3
1596,双台子区,117,124000,3
1597,大洼县,117,124000,3
1598,盘山县,117,124000,3
1599,开原市,118,112600,3
1600,昌图县,118,112600,3
1601,清河区,118,112600,3
1602,西丰县,118,112600,3
1603,调兵山市,118,112600,3
1604,铁岭县,118,112600,3
1605,银州区,118,112600,3
1606,凌源市,119,122000,3
1607,北票市,119,122000,3
1608,双塔区,119,122000,3
1609,喀喇沁左翼蒙古族自治县,119,122000,3
1610,建平县,119,122000,3
1611,朝阳县,119,122000,3
1612,龙城区,119,122000,3
1613,兴城市,120,125000,3
1614,南票区,120,125000,3
1615,建昌县,120,125000,3
1616,绥中县,120,125000,3
1617,连山区,120,125000,3
1618,龙港区,120,125000,3
1619,九台市,121,130000,3
1620,二道区,121,130000,3
1621,农安县,121,130000,3
1622,南关区,121,130000,3
1623,双阳区,121,130000,3
1624,宽城区,121,130000,3
1625,德惠市,121,130000,3
1626,朝阳区,121,130000,3
1627,榆树市,121,130000,3
1628,绿园区,121,130000,3
1629,丰满区,122,132000,3
1630,昌邑区,122,132000,3
1631,桦甸市,122,132000,3
1632,永吉县,122,132000,3
1633,磐石市,122,132000,3
1634,舒兰市,122,132000,3
1635,船营区,122,132000,3
1636,蛟河市,122,132000,3
1637,龙潭区,122,132000,3
1638,伊通满族自治县,123,130700,3
1639,公主岭市,123,136000,3
1640,双辽市,123,136000,3
1641,梨树县,123,136000,3
1642,铁东区,123,136000,3
1643,铁西区,123,136000,3
1644,东丰县,124,136200,3
1645,东辽县,124,136200,3
1646,西安区,124,136200,3
1647,龙山区,124,136200,3
1648,东昌区,125,134100,3
1649,二道江区,125,134100,3
1650,柳河县,125,134100,3
1651,梅河口市,125,134100,3
1652,辉南县,125,134100,3
1653,通化县,125,134100,3
1654,集安市,125,134100,3
1655,临江市,126,134300,3
1656,八道江区,126,134300,3
1657,抚松县,126,134300,3
1658,江源区,126,134300,3
1659,长白朝鲜族自治县,126,134400,3
1660,靖宇县,126,134300,3
1661,干安县,127,138000,3
1662,前郭尔罗斯蒙古族自治县,127,131100,3
1663,宁江区,127,138000,3
1664,扶余县,127,138000,3
1665,长岭县,127,138000,3
1666,大安市,128,137000,3
1667,洮北区,128,137000,3
1668,洮南市,128,137000,3
1669,通榆县,128,137000,3
1670,镇赉县,128,137000,3
1671,和龙市,129,133000,3
1672,图们市,129,133000,3
1673,安图县,129,133000,3
1674,延吉市,129,133000,3
1675,敦化市,129,133000,3
1676,汪清县,129,133000,3
1677,珲春市,129,133000,3
1678,龙井市,129,133000,3
1679,五常市,130,150000,3
1680,依兰县,130,150000,3
1681,南岗区,130,150000,3
1682,双城市,130,150000,3
1683,呼兰区,130,150000,3
1684,哈尔滨市道里区,130,150000,3
1685,宾县,130,150000,3
1686,尚志市,130,150000,3
1687,巴彦县,130,150000,3
1688,平房区,130,150000,3
1689,延寿县,130,150000,3
1690,方正县,130,150000,3
1691,木兰县,130,150000,3
1692,松北区,130,150000,3
1693,通河县,130,150000,3
1694,道外区,130,150000,3
1695,阿城区,130,150000,3
1696,香坊区,130,150000,3
1697,依安县,131,161000,3
1698,克东县,131,161000,3
1699,克山县,131,161000,3
1700,富拉尔基区,131,161000,3
1701,富裕县,131,161000,3
1702,建华区,131,161000,3
1703,拜泉县,131,161000,3
1704,昂昂溪区,131,161000,3
1705,梅里斯达斡尔族区,131,161000,3
1706,泰来县,131,161000,3
1707,甘南县,131,161000,3
1708,碾子山区,131,161000,3
1709,讷河市,131,161000,3
1710,铁锋区,131,161000,3
1711,龙江县,131,161000,3
1712,龙沙区,131,161000,3
1713,城子河区,132,158100,3
1714,密山市,132,158100,3
1715,恒山区,132,158100,3
1716,梨树区,132,158100,3
1717,滴道区,132,158100,3
1718,虎林市,132,158100,3
1719,鸡东县,132,158100,3
1720,鸡冠区,132,158100,3
1721,麻山区,132,158100,3
1722,东山区,133,154100,3
1723,兴安区,133,154100,3
1724,兴山区,133,154100,3
1725,南山区,133,154100,3
1726,向阳区,133,154100,3
1727,工农区,133,154100,3
1728,绥滨县,133,154100,3
1729,萝北县,133,154100,3
1730,友谊县,134,155100,3
1731,四方台区,134,155100,3
1732,宝山区,134,155100,3
1733,宝清县,134,155100,3
1734,尖山区,134,155100,3
1735,岭东区,134,155100,3
1736,集贤县,134,155100,3
1737,饶河县,134,155100,3
1738,大同区,135,163000,3
1739,杜尔伯特蒙古族自治县,135,166200,3
1740,林甸县,135,163000,3
1741,红岗区,135,163000,3
1742,肇州县,135,163000,3
1743,肇源县,135,163000,3
1744,胡路区,135,163000,3
1745,萨尔图区,135,163000,3
1746,龙凤区,135,163000,3
1747,上甘岭区,136,153000,3
1748,乌伊岭区,136,153000,3
1749,乌马河区,136,153000,3
1750,五营区,136,153000,3
1751,伊春区,136,153000,3
1752,南岔区,136,153000,3
1753,友好区,136,153000,3
1754,嘉荫县,136,153000,3
1755,带岭区,136,153000,3
1756,新青区,136,153000,3
1757,汤旺河区,136,153000,3
1758,红星区,136,153000,3
1759,美溪区,136,153000,3
1760,翠峦区,136,153000,3
1761,西林区,136,153000,3
1762,金山屯区,136,153000,3
1763,铁力市,136,153000,3
1764,东风区,137,154000,3
1765,前进区,137,154000,3
1766,同江市,137,154000,3
1767,向阳区,137,154000,3
1768,富锦市,137,154000,3
1769,抚远县,137,154000,3
1770,桦南县,137,154000,3
1771,桦川县,137,154000,3
1772,汤原县,137,154000,3
1773,郊区,137,154000,3
1774,勃利县,138,154600,3
1775,新兴区,138,154600,3
1776,桃山区,138,154600,3
1777,茄子河区,138,154600,3
1778,东宁县,139,157000,3
1779,东安区,139,157000,3
1780,宁安市,139,157000,3
1781,林口县,139,157000,3
1782,海林市,139,157000,3
1783,爱民区,139,157000,3
1784,穆棱市,139,157000,3
1785,绥芬河市,139,157000,3
1786,西安区,139,157000,3
1787,阳明区,139,157000,3
1788,五大连池市,140,164300,3
1789,北安市,140,164300,3
1790,嫩江县,140,164300,3
1791,孙吴县,140,164300,3
1792,爱辉区,140,164300,3
1793,车逊克县,140,164300,3
1794,逊克县,140,164300,3
1795,兰西县,141,152000,3
1796,安达市,141,152000,3
1797,庆安县,141,152000,3
1798,明水县,141,152000,3
1799,望奎县,141,152000,3
1800,海伦市,141,152000,3
1801,绥化市北林区,141,152000,3
1802,绥棱县,141,152000,3
1803,肇东市,141,152000,3
1804,青冈县,141,152000,3
1805,呼玛县,142,165000,3
1806,塔河县,142,165000,3
1807,大兴安岭地区加格达奇区,142,165000,3
1808,大兴安岭地区呼中区,142,165000,3
1809,大兴安岭地区新林区,142,165000,3
1810,大兴安岭地区松岭区,142,165000,3
1811,漠河县,142,165000,3
2027,下关区,162,210000,3
2028,六合区,162,210000,3
2029,建邺区,162,210000,3
2030,栖霞区,162,210000,3
2031,江宁区,162,210000,3
2032,浦口区,162,210000,3
2033,溧水区,162,210000,3
2034,玄武区,162,210000,3
2035,白下区,162,210000,3
2036,秦淮区,162,210000,3
2037,雨花台区,162,210000,3
2038,高淳区,162,210000,3
2039,鼓楼区,162,210000,3
2040,北塘区,163,214000,3
2041,南长区,163,214000,3
2042,宜兴市,163,214000,3
2043,崇安区,163,214000,3
2044,惠山区,163,214000,3
2045,江阴市,163,214000,3
2046,滨湖区,163,214000,3
2047,锡山区,163,214000,3
2048,丰县,164,221000,3
2049,九里区,164,221000,3
2050,云龙区,164,221000,3
2051,新沂市,164,221000,3
2052,沛县,164,221000,3
2053,泉山区,164,221000,3
2054,睢宁县,164,221000,3
2055,贾汪区,164,221000,3
2056,邳州市,164,221000,3
2057,铜山县,164,221000,3
2058,鼓楼区,164,221000,3
2059,天宁区,165,213000,3
2060,戚墅堰区,165,213000,3
2061,新北区,165,213000,3
2062,武进区,165,213000,3
2063,溧阳市,165,213000,3
2064,金坛市,165,213000,3
2065,钟楼区,165,213000,3
2066,吴中区,166,215000,3
2067,吴江区,166,215000,3
2068,太仓市,166,215000,3
2069,常熟市,166,215000,3
2071,张家港市,166,215000,3
2072,昆山市,166,215000,3
2074,相城区,166,215000,3
2075,苏州工业园区,166,215000,3
2076,虎丘区,166,215000,3
2078,启东市,167,226000,3
2079,如东县,167,226000,3
2080,如皋市,167,226000,3
2081,崇川区,167,226000,3
2082,海安县,167,226000,3
2083,海门市,167,226000,3
2084,港闸区,167,226000,3
2085,通州区,167,226000,3
2086,东海县,168,222000,3
2087,新浦区,168,222000,3
2088,海州区,168,222000,3
2089,灌云县,168,222000,3
2090,灌南县,168,222000,3
2091,赣榆县,168,222000,3
2092,连云区,168,222000,3
2093,楚州区,169,223001,3
2094,洪泽县,169,223001,3
2095,涟水县,169,223001,3
2096,淮阴区,169,223001,3
2097,清河区,169,223001,3
2098,清浦区,169,223001,3
2099,盱眙县,169,223001,3
2100,金湖县,169,223001,3
2101,东台市,170,224000,3
2102,亭湖区,170,224000,3
2103,响水县,170,224000,3
2104,大丰市,170,224000,3
2105,射阳县,170,224000,3
2106,建湖县,170,224000,3
2107,滨海县,170,224000,3
2108,盐都区,170,224000,3
2109,阜宁县,170,224000,3
2110,仪征市,171,225000,3
2111,宝应县,171,225000,3
2112,广陵区,171,225000,3
2113,江都市,171,225000,3
2114,维扬区,171,225000,3
2115,邗江区,171,225000,3
2116,高邮市,171,225000,3
2117,丹徒区,172,212000,3
2118,丹阳市,172,212000,3
2119,京口区,172,212000,3
2120,句容市,172,212000,3
2121,扬中市,172,212000,3
2122,润州区,172,212000,3
2123,兴化市,173,225300,3
2124,姜堰市,173,225300,3
2125,泰兴市,173,225300,3
2126,海陵区,173,225300,3
2127,靖江市,173,225300,3
2128,高港区,173,225300,3
2129,宿城区,174,223800,3
2130,宿豫区,174,223800,3
2131,沭阳县,174,223800,3
2132,泗洪县,174,223800,3
2133,泗阳县,174,223800,3
2134,上城区,175,310000,3
2135,下城区,175,310000,3
2136,临安市,175,310000,3
2137,余杭区,175,310000,3
2138,富阳市,175,310000,3
2139,建德市,175,310000,3
2140,拱墅区,175,310000,3
2141,桐庐县,175,310000,3
2142,江干区,175,310000,3
2143,淳安县,175,310000,3
2144,滨江区,175,310000,3
2145,萧山区,175,310000,3
2146,西湖区,175,310000,3
2147,余姚市,176,315000,3
2148,北仑区,176,315000,3
2149,奉化市,176,315000,3
2150,宁海县,176,315000,3
2151,慈溪市,176,315000,3
2152,江东区,176,315000,3
2153,江北区,176,315000,3
2154,海曙区,176,315000,3
2155,象山县,176,315000,3
2156,鄞州区,176,315000,3
2157,镇海区,176,315000,3
2158,乐清市,177,325000,3
2159,平阳县,177,325000,3
2160,文成县,177,325000,3
2161,永嘉县,177,325000,3
2162,泰顺县,177,325000,3
2163,洞头县,177,325000,3
2164,瑞安市,177,325000,3
2165,瓯海区,177,325000,3
2166,苍南县,177,325000,3
2167,鹿城区,177,325000,3
2168,龙湾区,177,325000,3
2169,南湖区,178,314000,3
2170,嘉善县,178,314000,3
2171,平湖市,178,314000,3
2172,桐乡市,178,314000,3
2173,海宁市,178,314000,3
2174,海盐县,178,314000,3
2175,秀洲区,178,314000,3
2176,南浔区,179,313000,3
2177,吴兴区,179,313000,3
2178,安吉县,179,313000,3
2179,德清县,179,313000,3
2180,长兴县,179,313000,3
2181,上虞区,180,312000,3
2182,嵊州市,180,312000,3
2183,新昌县,180,312000,3
2184,绍兴县,180,312000,3
2185,诸暨市,180,312000,3
2186,越城区,180,312000,3
2187,定海区,181,316000,3
2188,岱山县,181,316000,3
2189,嵊泗县,181,316000,3
2190,普陀区,181,316000,3
2191,常山县,182,324000,3
2192,开化县,182,324000,3
2193,柯城区,182,324000,3
2194,江山市,182,324000,3
2195,衢江区,182,324000,3
2196,龙游县,182,324000,3
2197,东阳市,183,321000,3
2198,义乌市,183,321000,3
2199,兰溪市,183,321000,3
2200,婺城区,183,321000,3
2201,武义县,183,321000,3
2202,永康市,183,321000,3
2203,浦江县,183,321000,3
2204,磐安县,183,321000,3
2205,金东区,183,321000,3
2206,三门县,184,318000,3
2207,临海市,184,318000,3
2208,仙居县,184,318000,3
2209,天台县,184,318000,3
2210,椒江区,184,318000,3
2211,温岭市,184,318000,3
2212,玉环县,184,318000,3
2213,路桥区,184,318000,3
2214,黄岩区,184,318000,3
2215,云和县,185,323000,3
2216,庆元县,185,323000,3
2217,景宁畲族自治县,185,323000,3
2218,松阳县,185,323000,3
2219,缙云县,185,323000,3
2220,莲都区,185,323000,3
2221,遂昌县,185,323000,3
2222,青田县,185,323000,3
2223,龙泉市,185,323000,3
2224,包河区,186,230000,3
2225,庐阳区,186,230000,3
2226,瑶海区,186,230000,3
2227,肥东县,186,230000,3
2228,肥西县,186,230000,3
2229,蜀山区,186,230000,3
2230,长丰县,186,230000,3
2231,三山区,187,241100,3
2232,南陵县,187,241100,3
2233,弋江区,187,241100,3
2234,繁昌县,187,241100,3
2235,芜湖县,187,241100,3
2236,镜湖区,187,241100,3
2237,鸠江区,187,241100,3
2238,五河县,188,233000,3
2239,固镇县,188,233000,3
2240,怀远县,188,233000,3
2241,淮上区,188,233000,3
2242,禹会区,188,233000,3
2243,蚌山区,188,233000,3
2244,龙子湖区,188,233000,3
2245,八公山区,189,232000,3
2246,凤台县,189,232000,3
2247,大通区,189,810100,3
2248,潘集区,189,232000,3
2249,田家庵区,189,232000,3
2250,谢家集区,189,232000,3
2251,当涂县,190,243000,3
2252,花山区,190,243000,3
2253,金家庄区,190,243000,3
2254,雨山区,190,243000,3
2255,杜集区,191,235000,3
2256,濉溪县,191,235000,3
2257,烈山区,191,235000,3
2258,相山区,191,235000,3
2259,狮子山区,192,244100,3
2260,郊区,192,244100,3
2261,铜官山区,192,244100,3
2262,铜陵县,192,244100,3
2263,大观区,193,246000,3
2264,太湖县,193,246000,3
2265,宜秀区,193,246000,3
2266,宿松县,193,246000,3
2267,岳西县,193,246000,3
2268,怀宁县,193,246000,3
2269,望江县,193,246000,3
2270,枞阳县,193,246000,3
2271,桐城市,193,246000,3
2272,潜山县,193,246000,3
2273,迎江区,193,246000,3
2274,休宁县,194,245000,3
2275,屯溪区,194,245000,3
2276,徽州区,194,245000,3
2277,歙县,194,245000,3
2278,祁门县,194,245000,3
2279,黄山区,194,245000,3
2280,黟县,194,245000,3
2281,全椒县,195,239000,3
2282,凤阳县,195,239000,3
2283,南谯区,195,239000,3
2284,天长市,195,239000,3
2285,定远县,195,239000,3
2286,明光市,195,239000,3
2287,来安县,195,239000,3
2288,琅玡区,195,239000,3
2289,临泉县,196,236000,3
2290,太和县,196,236000,3
2291,界首市,196,236000,3
2292,阜南县,196,236000,3
2293,颍东区,196,236000,3
2294,颍州区,196,236000,3
2295,颍泉区,196,236000,3
2296,颖上县,196,236000,3
2297,埇桥区,197,234000,3
2298,泗县,197,234000,3
2299,灵璧县,197,234000,3
2300,砀山县,197,234000,3
2301,萧县,197,234000,3
2302,含山县,198,238000,3
2303,和县,198,238000,3
2304,居巢区,198,238000,3
2305,庐江县,198,238000,3
2306,无为县,198,238000,3
2307,寿县,199,237000,3
2308,舒城县,199,237000,3
2309,裕安区,199,237000,3
2310,金安区,199,237000,3
2311,金寨县,199,237000,3
2312,霍山县,199,237000,3
2313,霍邱县,199,237000,3
2314,利辛县,200,236000,3
2315,涡阳县,200,236000,3
2316,蒙城县,200,236000,3
2317,谯城区,200,236000,3
2318,东至县,201,247100,3
2319,石台县,201,247100,3
2320,贵池区,201,247100,3
2321,青阳县,201,247100,3
2322,宁国市,202,242000,3
2323,宣州区,202,242000,3
2324,广德县,202,242000,3
2325,旌德县,202,242000,3
2326,泾县,202,242000,3
2327,绩溪县,202,242000,3
2328,郎溪县,202,242000,3
2329,仓山区,203,350000,3
2330,台江区,203,350000,3
2331,平潭县,203,350000,3
2332,晋安区,203,350000,3
2333,永泰县,203,350000,3
2334,福清市,203,350000,3
2335,罗源县,203,350000,3
2336,连江县,203,350000,3
2337,长乐市,203,350000,3
2338,闽侯县,203,350000,3
2339,闽清县,203,350000,3
2340,马尾区,203,350000,3
2341,鼓楼区,203,350000,3
2342,同安区,204,361000,3
2343,思明区,204,361000,3
2344,海沧区,204,361000,3
2345,湖里区,204,361000,3
2346,翔安区,204,361000,3
2347,集美区,204,361000,3
2348,仙游县,205,351100,3
2349,城厢区,205,351100,3
2350,涵江区,205,351100,3
2351,秀屿区,205,351100,3
2352,荔城区,205,351100,3
2353,三元区,206,365000,3
2354,大田县,206,365000,3
2355,宁化县,206,365000,3
2356,将乐县,206,365000,3
2357,尤溪县,206,365000,3
2358,建宁县,206,365000,3
2359,明溪县,206,365000,3
2360,梅列区,206,365000,3
2361,永安市,206,365000,3
2362,沙县,206,365000,3
2363,泰宁县,206,365000,3
2364,清流县,206,365000,3
2365,丰泽区,207,362000,3
2366,南安市,207,362000,3
2367,安溪县,207,362000,3
2368,德化县,207,362000,3
2369,惠安县,207,362000,3
2370,晋江市,207,362000,3
2371,永春县,207,362000,3
2372,泉港区,207,362000,3
2373,洛江区,207,362000,3
2374,石狮市,207,362000,3
2375,金门县,207,362000,3
2376,鲤城区,207,362000,3
2377,东山县,208,363000,3
2378,云霄县,208,363000,3
2379,华安县,208,363000,3
2380,南靖县,208,363000,3
2381,平和县,208,363000,3
2382,漳浦县,208,363000,3
2383,芗城区,208,363000,3
2384,诏安县,208,363000,3
2385,长泰县,208,363000,3
2386,龙文区,208,363000,3
2387,龙海市,208,363000,3
2388,光泽县,209,353000,3
2389,延平区,209,353000,3
2390,建瓯市,209,353000,3
2391,建阳市,209,353000,3
2392,政和县,209,353000,3
2393,松溪县,209,353000,3
2394,武夷山市,209,353000,3
2395,浦城县,209,353000,3
2396,邵武市,209,353000,3
2397,顺昌县,209,353000,3
2398,上杭县,210,364000,3
2399,新罗区,210,364000,3
2400,武平县,210,364000,3
2401,永定县,210,364000,3
2402,漳平市,210,364000,3
2403,连城县,210,364000,3
2404,长汀县,210,364000,3
2405,古田县,211,352000,3
2406,周宁县,211,352000,3
2407,寿宁县,211,352000,3
2408,屏南县,211,352000,3
2409,柘荣县,211,352000,3
2410,福安市,211,352000,3
2411,福鼎市,211,352000,3
2412,蕉城区,211,352000,3
2413,霞浦县,211,352000,3
2414,东湖区,212,330200,3
2415,南昌县,212,330200,3
2416,安义县,212,330200,3
2417,新建县,212,330200,3
2418,湾里区,212,330200,3
2419,西湖区,212,330200,3
2420,进贤县,212,330200,3
2421,青云谱区,212,330200,3
2422,青山湖区,212,330200,3
2423,乐平市,213,333000,3
2424,昌江区,213,572700,3
2425,浮梁县,213,333000,3
2426,珠山区,213,333000,3
2427,上栗县,214,337000,3
2428,安源区,214,337000,3
2429,湘东区,214,337000,3
2430,芦溪县,214,337000,3
2431,莲花县,214,337000,3
2432,九江县,215,332100,3
2433,修水县,215,332100,3
2434,庐山区,215,332100,3
2435,彭泽县,215,332100,3
2436,德安县,215,332100,3
2437,星子县,215,332100,3
2438,武宁县,215,332100,3
2439,永修县,215,332100,3
2440,浔阳区,215,332100,3
2441,湖口县,215,332100,3
2442,瑞昌市,215,332100,3
2443,都昌县,215,332100,3
2444,分宜县,216,338000,3
2445,渝水区,216,338000,3
2446,余江县,217,335000,3
2447,月湖区,217,335000,3
2448,贵溪市,217,335000,3
2449,上犹县,218,341000,3
2450,于都县,218,341000,3
2451,会昌县,218,341000,3
2452,信丰县,218,341000,3
2453,全南县,218,341000,3
2454,兴国县,218,341000,3
2455,南康市,218,341000,3
2456,大余县,218,341000,3
2457,宁都县,218,341000,3
2458,安远县,218,341000,3
2459,定南县,218,341000,3
2460,寻乌县,218,341000,3
2461,崇义县,218,341000,3
2462,瑞金市,218,341000,3
2463,石城县,218,341000,3
2464,章贡区,218,341000,3
2465,赣县,218,341000,3
2466,龙南县,218,341000,3
2467,万安县,219,343100,3
2468,井冈山市,219,343100,3
2469,吉安县,219,343100,3
2470,吉州区,219,343100,3
2471,吉水县,219,343100,3
2472,安福县,219,343100,3
2473,峡江县,219,343100,3
2474,新干县,219,343100,3
2475,永丰县,219,343100,3
2476,永新县,219,343100,3
2477,泰和县,219,343100,3
2478,遂川县,219,343100,3
2479,青原区,219,343100,3
2480,万载县,220,336000,3
2481,上高县,220,336000,3
2482,丰城市,220,336000,3
2483,奉新县,220,336000,3
2484,宜丰县,220,336000,3
2485,樟树市,220,336000,3
2486,袁州区,220,336000,3
2487,铜鼓县,220,336000,3
2488,靖安县,220,336000,3
2489,高安市,220,336000,3
2490,东乡县,221,344000,3
2491,临川区,221,344000,3
2492,乐安县,221,344000,3
2493,南丰县,221,344000,3
2494,南城县,221,344000,3
2495,宜黄县,221,344000,3
2496,崇仁县,221,344000,3
2497,广昌县,221,344000,3
2498,资溪县,221,344000,3
2499,金溪县,221,344000,3
2500,黎川县,221,344000,3
2501,万年县,222,334100,3
2502,上饶县,222,334100,3
2503,余干县,222,334100,3
2504,信州区,222,334100,3
2505,婺源县,222,334100,3
2506,广丰县,222,334100,3
2507,弋阳县,222,334100,3
2508,德兴市,222,334100,3
2509,横峰县,222,334100,3
2510,玉山县,222,334100,3
2511,鄱阳县,222,334100,3
2512,铅山县,222,334100,3
2513,历下区,223,250000,3
2514,历城区,223,250000,3
2515,商河县,223,250000,3
2516,天桥区,223,250000,3
2517,市中区,223,250000,3
2518,平阴县,223,250000,3
2519,槐荫区,223,250000,3
2520,济阳县,223,250000,3
2521,章丘市,223,250000,3
2522,长清区,223,250000,3
2523,即墨市,224,266000,3
2524,四方区,224,266000,3
2525,城阳区,224,266000,3
2526,崂山区,224,266000,3
2527,市北区,224,266000,3
2528,市南区,224,266000,3
2529,平度市,224,266000,3
2530,李沧区,224,266000,3
2531,胶南市,224,266000,3
2532,胶州市,224,266000,3
2533,莱西市,224,266000,3
2534,黄岛区,224,266000,3
2535,临淄区,225,255000,3
2536,博山区,225,255000,3
2537,周村区,225,255000,3
2538,张店区,225,255000,3
2539,桓台县,225,255000,3
2540,沂源县,225,255000,3
2541,淄川区,225,255000,3
2542,高青县,225,255000,3
2543,台儿庄区,226,277000,3
2544,山亭区,226,277000,3
2545,峄城区,226,277000,3
2546,市中区,226,277000,3
2547,滕州市,226,277000,3
2548,薛城区,226,277000,3
2549,东营区,227,257100,3
2550,利津县,227,257100,3
2551,垦利县,227,257100,3
2552,广饶县,227,257100,3
2553,河口区,227,257100,3
2554,招远市,228,264000,3
2555,栖霞市,228,264000,3
2556,海阳市,228,264000,3
2557,牟平区,228,264000,3
2558,福山区,228,264000,3
2559,芝罘区,228,264000,3
2560,莱山区,228,264000,3
2561,莱州市,228,264000,3
2562,莱阳市,228,264000,3
2563,蓬莱市,228,264000,3
2564,长岛县,228,264000,3
2565,龙口市,228,264000,3
2566,临朐县,229,261000,3
2567,坊子区,229,261000,3
2568,奎文区,229,261000,3
2569,安丘市,229,261000,3
2570,寒亭区,229,261000,3
2571,寿光市,229,261000,3
2572,昌乐县,229,261000,3
2573,昌邑市,229,261000,3
2574,潍城区,229,261000,3
2575,诸城市,229,261000,3
2576,青州市,229,261000,3
2577,高密市,229,261000,3
2578,任城区,230,272000,3
2579,兖州市,230,272000,3
2580,嘉祥县,230,272000,3
2581,市中区,230,272000,3
2582,微山县,230,272000,3
2583,曲阜市,230,272000,3
2584,梁山县,230,272000,3
2585,汶上县,230,272000,3
2586,泗水县,230,272000,3
2587,邹城市,230,272000,3
2588,金乡县,230,272000,3
2589,鱼台县,230,272000,3
2590,东平县,231,271000,3
2591,宁阳县,231,271000,3
2592,岱岳区,231,271000,3
2593,新泰市,231,271000,3
2594,泰山区,231,271000,3
2595,肥城市,231,271000,3
2596,乳山市,232,264200,3
2597,文登市,232,264200,3
2598,环翠区,232,264200,3
2599,荣成市,232,264200,3
2600,东港区,233,276800,3
2601,五莲县,233,276800,3
2602,岚山区,233,276800,3
2603,莒县,233,276800,3
2604,莱城区,234,271100,3
2605,钢城区,234,271100,3
2606,临沭县,235,276000,3
2607,兰山区,235,276000,3
2608,平邑县,235,276000,3
2609,沂南县,235,276000,3
2610,沂水县,235,276000,3
2611,河东区,235,276000,3
2612,罗庄区,235,276000,3
2613,苍山县,235,276000,3
2614,莒南县,235,276000,3
2615,蒙阴县,235,276000,3
2616,费县,235,276000,3
2617,郯城县,235,276000,3
2618,临邑县,236,253000,3
2619,乐陵市,236,253000,3
2620,夏津县,236,253000,3
2621,宁津县,236,253000,3
2622,平原县,236,253000,3
2623,庆云县,236,253000,3
2624,德城区,236,253000,3
2625,武城县,236,253000,3
2626,禹城市,236,253000,3
2627,陵县,236,253000,3
2628,齐河县,236,253000,3
2629,东昌府区,237,252000,3
2630,东阿县,237,252000,3
2631,临清市,237,252000,3
2632,冠县,237,252000,3
2633,茌平县,237,252000,3
2634,莘县,237,252000,3
2635,阳谷县,237,252000,3
2636,高唐县,237,252000,3
2637,博兴县,238,256600,3
2638,惠民县,238,256600,3
2639,无棣县,238,256600,3
2640,沾化县,238,256600,3
2641,滨城区,238,256600,3
2642,邹平县,238,256600,3
2643,阳信县,238,256600,3
2644,东明县,239,274000,3
2645,单县,239,274000,3
2646,定陶县,239,274000,3
2647,巨野县,239,274000,3
2648,成武县,239,274000,3
2649,曹县,239,274000,3
2650,牡丹区,239,274000,3
2651,郓城县,239,274000,3
2652,鄄城县,239,274000,3
2653,上街区,240,450000,3
2654,中原区,240,450000,3
2655,中牟县,240,450000,3
2656,二七区,240,450000,3
2657,巩义市,240,450000,3
2658,惠济区,240,450000,3
2659,新密市,240,450000,3
2660,新郑市,240,450000,3
2661,登封市,240,450000,3
2662,管城回族区,240,450000,3
2663,荥阳市,240,450000,3
2664,金水区,240,450000,3
2665,兰考县,241,475100,3
2666,尉氏县,241,475100,3
2667,开封县,241,475100,3
2668,杞县,241,475100,3
2669,禹王台区,241,475100,3
2670,通许县,241,475100,3
2671,金明区,241,475100,3
2672,顺河回族区,241,475100,3
2673,鼓楼区,241,475100,3
2674,龙亭区,241,475100,3
2675,伊川县,242,471000,3
2676,偃师市,242,471000,3
2677,吉利区,242,471000,3
2678,孟津县,242,471000,3
2679,宜阳县,242,471000,3
2680,嵩县,242,471000,3
2681,新安县,242,471000,3
2682,栾川县,242,471000,3
2683,汝阳县,242,471000,3
2684,洛宁县,242,471000,3
2685,洛龙区,242,471000,3
2686,涧西区,242,471000,3
2687,瀍河回族区,242,471000,3
2688,老城区,242,471000,3
2689,西工区,242,471000,3
2690,卫东区,243,467000,3
2691,叶县,243,467000,3
2692,宝丰县,243,467000,3
2693,新华区,243,467000,3
2694,汝州市,243,467000,3
2695,湛河区,243,467000,3
2696,石龙区,243,467000,3
2697,舞钢市,243,467000,3
2698,郏县,243,467000,3
2699,鲁山县,243,467000,3
2700,内黄县,244,455100,3
2701,北关区,244,455100,3
2702,安阳县,244,455100,3
2703,文峰区,244,455100,3
2704,林州市,244,455100,3
2705,殷都区,244,455100,3
2706,汤阴县,244,455100,3
2707,滑县,244,455100,3
2708,龙安区,244,455100,3
2709,山城区,245,458000,3
2710,浚县,245,458000,3
2711,淇县,245,458000,3
2712,淇滨区,245,458000,3
2713,鹤山区,245,458000,3
2714,凤泉区,246,453700,3
2715,卫滨区,246,453700,3
2716,卫辉市,246,453700,3
2717,原阳县,246,453700,3
2718,封丘县,246,453700,3
2719,延津县,246,453700,3
2720,新乡县,246,453700,3
2721,牧野区,246,453700,3
2722,红旗区,246,453700,3
2723,获嘉县,246,453700,3
2724,辉县市,246,453700,3
2725,长垣县,246,453700,3
2726,中站区,247,454150,3
2727,修武县,247,454150,3
2728,博爱县,247,454150,3
2729,孟州市,247,454150,3
2730,山阳区,247,454150,3
2731,武陟县,247,454150,3
2732,沁阳市,247,454150,3
2733,温县,247,454150,3
2734,解放区,247,454150,3
2735,马村区,247,454150,3
2736,华龙区,248,457100,3
2737,南乐县,248,457100,3
2738,台前县,248,457100,3
2739,清丰县,248,457100,3
2740,濮阳县,248,457100,3
2741,范县,248,457100,3
2742,禹州市,249,461100,3
2743,襄城县,249,461100,3
2744,许昌县,249,461100,3
2745,鄢陵县,249,461100,3
2746,长葛市,249,461100,3
2747,魏都区,249,461100,3
2748,临颍县,250,462000,3
2749,召陵区,250,462000,3
2750,源汇区,250,462000,3
2751,舞阳县,250,462000,3
2752,郾城区,250,462000,3
2753,义马市,251,472000,3
2754,卢氏县,251,472000,3
2755,渑池县,251,472000,3
2756,湖滨区,251,472000,3
2757,灵宝市,251,472000,3
2758,陕县,251,472000,3
2759,内乡县,252,473000,3
2760,南召县,252,473000,3
2761,卧龙区,252,473000,3
2762,唐河县,252,473000,3
2763,宛城区,252,473000,3
2764,新野县,252,473000,3
2765,方城县,252,473000,3
2766,桐柏县,252,473000,3
2767,淅川县,252,473000,3
2768,社旗县,252,473000,3
2769,西峡县,252,473000,3
2770,邓州市,252,473000,3
2771,镇平县,252,473000,3
2772,夏邑县,253,476000,3
2773,宁陵县,253,476000,3
2774,柘城县,253,476000,3
2775,民权县,253,476000,3
2776,永城市,253,476000,3
2777,睢县,253,476000,3
2778,睢阳区,253,476000,3
2779,粱园区,253,476000,3
2780,虞城县,253,476000,3
2781,光山县,254,464000,3
2782,商城县,254,464000,3
2783,固始县,254,464000,3
2784,平桥区,254,464000,3
2785,息县,254,464000,3
2786,新县,254,464000,3
2787,浉河区,254,464000,3
2788,淮滨县,254,464000,3
2789,潢川县,254,464000,3
2790,罗山县,254,464000,3
2791,商水县,255,466000,3
2792,太康县,255,466000,3
2793,川汇区,255,466000,3
2794,扶沟县,255,466000,3
2795,沈丘县,255,466000,3
2796,淮阳县,255,466000,3
2797,西华县,255,466000,3
2798,郸城县,255,466000,3
2799,项城市,255,466000,3
2800,鹿邑县,255,466000,3
2801,上蔡县,256,463000,3
2802,平舆县,256,463000,3
2803,新蔡县,256,463000,3
2804,正阳县,256,463000,3
2805,汝南县,256,463000,3
2806,泌阳县,256,463000,3
2807,确山县,256,463000,3
2808,西平县,256,463000,3
2809,遂平县,256,463000,3
2810,驿城区,256,463000,3
2811,济源市,257,454650,3
2812,东西湖区,258,430000,3
2813,新洲区,258,430000,3
2814,武昌区,258,430000,3
2815,汉南区,258,430000,3
2816,汉阳区,258,430000,3
2817,江夏区,258,430000,3
2818,江岸区,258,430000,3
2819,江汉区,258,430000,3
2820,洪山区,258,430000,3
2821,硚口区,258,430000,3
2822,蔡甸区,258,430000,3
2823,青山区,258,430000,3
2824,黄陂区,258,430000,3
2825,下陆区,259,435000,3
2826,大冶市,259,435000,3
2827,西塞山区,259,435000,3
2828,铁山区,259,435000,3
2829,阳新县,259,435000,3
2830,黄石港区,259,435000,3
2831,丹江口市,260,442000,3
2832,张湾区,260,442000,3
2833,房县,260,442000,3
2834,竹山县,260,442000,3
2835,竹溪县,260,442000,3
2836,茅箭区,260,442000,3
2837,郧县,260,442000,3
2838,郧西县,260,442000,3
2839,五峰土家族自治县,261,443400,3
2840,伍家岗区,261,443000,3
2841,兴山县,261,443000,3
2842,夷陵区,261,443000,3
2843,宜都市,261,443000,3
2844,当阳市,261,443000,3
2845,枝江市,261,443000,3
2846,点军区,261,443000,3
2847,秭归县,261,443000,3
2848,虢亭区,261,443000,3
2849,西陵区,261,443000,3
2850,远安县,261,443000,3
2851,长阳土家族自治县,261,443500,3
2852,保康县,262,441100,3
2853,南漳县,262,441100,3
2854,宜城市,262,441100,3
2855,枣阳市,262,441100,3
2856,樊城区,262,441100,3
2857,老河口市,262,441100,3
2858,襄城区,262,441100,3
2859,襄州区,262,441100,3
2860,谷城县,262,441100,3
2861,华容区,263,436000,3
2862,梁子湖区,263,436000,3
2863,鄂城区,263,436000,3
2864,东宝区,264,448000,3
2865,京山县,264,448000,3
2866,掇刀区,264,448000,3
2867,沙洋县,264,448000,3
2868,钟祥市,264,448000,3
2869,云梦县,265,432000,3
2870,大悟县,265,432000,3
2871,孝南区,265,432000,3
2872,孝昌县,265,432000,3
2873,安陆市,265,432000,3
2874,应城市,265,432000,3
2875,汉川市,265,432000,3
2876,公安县,266,434020,3
2877,松滋市,266,434020,3
2878,江陵县,266,434020,3
2879,沙市区,266,434020,3
2880,洪湖市,266,434020,3
2881,监利县,266,434020,3
2882,石首市,266,434020,3
2883,荆州区,266,434020,3
2884,团风县,267,438000,3
2885,武穴市,267,438000,3
2886,浠水县,267,438000,3
2887,红安县,267,438000,3
2888,罗田县,267,438000,3
2889,英山县,267,438000,3
2890,蕲春县,267,438000,3
2891,麻城市,267,438000,3
2892,黄州区,267,438000,3
2893,黄梅县,267,438000,3
2894,咸安区,268,437000,3
2895,嘉鱼县,268,437000,3
2896,崇阳县,268,437000,3
2897,赤壁市,268,437000,3
2898,通城县,268,437000,3
2899,通山县,268,437000,3
2900,广水市,269,441300,3
2901,曾都区,269,441300,3
2902,利川市,270,445000,3
2903,咸丰县,270,445000,3
2904,宣恩县,270,445000,3
2905,巴东县,270,445000,3
2906,建始县,270,445000,3
2907,恩施市,270,445000,3
2908,来凤县,270,445000,3
2909,鹤峰县,270,445000,3
2910,仙桃市,271,433000,3
2911,潜江市,272,433100,3
2912,天门市,273,431700,3
2913,神农架林区,274,442400,3
2914,天心区,275,410000,3
2915,宁乡县,275,410000,3
2916,岳麓区,275,410000,3
2917,开福区,275,410000,3
2918,望城区,275,410000,3
2919,浏阳市,275,410000,3
2920,芙蓉区,275,410000,3
2921,长沙县,275,410000,3
2922,雨花区,275,410000,3
2923,天元区,276,412000,3
2924,攸县,276,412000,3
2925,株洲县,276,412000,3
2926,炎陵县,276,412000,3
2927,石峰区,276,412000,3
2928,芦淞区,276,412000,3
2929,茶陵县,276,412000,3
2930,荷塘区,276,412000,3
2931,醴陵市,276,412000,3
2932,岳塘区,277,411200,3
2933,湘乡市,277,411200,3
2934,湘潭县,277,411200,3
2935,雨湖区,277,411200,3
2936,韶山市,277,411200,3
2937,南岳区,278,421200,3
2938,常宁市,278,421200,3
2939,珠晖区,278,421200,3
2940,石鼓区,278,421200,3
2941,祁东县,278,421200,3
2942,耒阳市,278,421200,3
2943,蒸湘区,278,421200,3
2944,衡东县,278,421200,3
2945,衡南县,278,421200,3
2946,衡山县,278,421200,3
2947,衡阳县,278,421200,3
2948,雁峰区,278,421200,3
2949,北塔区,279,422100,3
2950,双清区,279,422100,3
2951,城步苗族自治县,279,422500,3
2952,大祥区,279,422100,3
2953,新宁县,279,422100,3
2954,新邵县,279,422100,3
2955,武冈市,279,422100,3
2956,洞口县,279,422100,3
2957,绥宁县,279,422100,3
2958,邵东县,279,422100,3
2959,邵阳县,279,422100,3
2960,隆回县,279,422100,3
2961,临湘市,280,414100,3
2962,云溪区,280,414100,3
2963,华容县,280,414100,3
2964,君山区,280,414100,3
2965,岳阳县,280,414100,3
2966,岳阳楼区,280,414100,3
2967,平江县,280,414100,3
2968,汨罗市,280,414100,3
2969,湘阴县,280,414100,3
2970,临澧县,281,415000,3
2971,安乡县,281,415000,3
2972,桃源县,281,415000,3
2973,武陵区,281,415000,3
2974,汉寿县,281,415000,3
2975,津市市,281,415000,3
2976,澧县,281,415000,3
2977,石门县,281,415000,3
2978,鼎城区,281,415000,3
2979,慈利县,282,427000,3
2980,桑植县,282,427000,3
2981,武陵源区,282,427000,3
2982,永定区,282,427000,3
2983,南县,283,413000,3
2984,安化县,283,413000,3
2985,桃江县,283,413000,3
2986,沅江市,283,413000,3
2987,资阳区,283,413000,3
2988,赫山区,283,413000,3
2989,临武县,284,423000,3
2990,北湖区,284,423000,3
2991,嘉禾县,284,423000,3
2992,安仁县,284,423000,3
2993,宜章县,284,423000,3
2994,桂东县,284,423000,3
2995,桂阳县,284,423000,3
2996,永兴县,284,423000,3
2997,汝城县,284,423000,3
2998,苏仙区,284,423000,3
2999,资兴市,284,423000,3
3000,东安县,285,425000,3
3001,冷水滩区,285,425000,3
3002,双牌县,285,425000,3
3003,宁远县,285,425000,3
3004,新田县,285,425000,3
3005,江华瑶族自治县,285,425000,3
3006,江永县,285,425000,3
3007,祁阳县,285,425000,3
3008,蓝山县,285,425000,3
3009,道县,285,425000,3
3010,零陵区,285,425000,3
3011,中方县,286,418000,3
3012,会同县,286,418000,3
3013,新晃侗族自治县,286,419200,3
3014,沅陵县,286,418000,3
3015,洪江市/洪江区,286,418200,3
3016,溆浦县,286,418000,3
3017,芷江侗族自治县,286,419100,3
3018,辰溪县,286,418000,3
3019,通道侗族自治县,286,418000,3
3020,靖州苗族侗族自治县,286,418400,3
3021,鹤城区,286,418000,3
3022,麻阳苗族自治县,286,419400,3
3023,冷水江市,287,417000,3
3024,双峰县,287,417000,3
3025,娄星区,287,417000,3
3026,新化县,287,417000,3
3027,涟源市,287,417000,3
3028,保靖县,288,416000,3
3029,凤凰县,288,416000,3
3030,古丈县,288,416000,3
3031,吉首市,288,416000,3
3032,永顺县,288,416000,3
3033,泸溪县,288,416000,3
3034,花垣县,288,416000,3
3035,龙山县,288,416000,3
3036,萝岗区,289,510000,3
3037,南沙区,289,510000,3
3038,从化市,289,510000,3
3039,增城市,289,510000,3
3040,天河区,289,510000,3
3041,海珠区,289,510000,3
3042,番禺区,289,510000,3
3043,白云区,289,510000,3
3044,花都区,289,510000,3
3045,荔湾区,289,510000,3
3046,越秀区,289,510000,3
3047,黄埔区,289,510000,3
3048,乐昌市,290,512000,3
3049,乳源瑶族自治县,290,512600,3
3050,仁化县,290,512000,3
3051,南雄市,290,512000,3
3052,始兴县,290,512000,3
3053,新丰县,290,512000,3
3054,曲江区,290,512000,3
3055,武江区,290,512000,3
3056,浈江区,290,512000,3
3057,翁源县,290,512000,3
3058,南山区,291,518000,3
3059,宝安区,291,518000,3
3060,盐田区,291,518000,3
3061,福田区,291,518000,3
3062,罗湖区,291,518000,3
3063,龙岗区,291,518000,3
3064,斗门区,292,519000,3
3065,金湾区,292,519000,3
3066,香洲区,292,519000,3
3067,南澳县,293,515000,3
3068,潮南区,293,515000,3
3069,潮阳区,293,515000,3
3070,澄海区,293,515000,3
3071,濠江区,293,515000,3
3072,金平区,293,661500,3
3073,龙湖区,293,515000,3
3074,三水区,294,528000,3
3075,南海区,294,528000,3
3076,禅城区,294,528000,3
3077,顺德区,294,528000,3
3078,高明区,294,528000,3
3079,台山市,295,529000,3
3080,开平市,295,529000,3
3081,恩平市,295,529000,3
3082,新会区,295,529000,3
3083,江海区,295,529000,3
3084,蓬江区,295,529000,3
3085,鹤山市,295,529000,3
3086,吴川市,296,524000,3
3087,坡头区,296,524000,3
3088,廉江市,296,524000,3
3089,徐闻县,296,524000,3
3090,赤坎区,296,524000,3
3091,遂溪县,296,524000,3
3092,雷州市,296,524000,3
3093,霞山区,296,524000,3
3094,麻章区,296,524000,3
3095,信宜市,297,525000,3
3096,化州市,297,525000,3
3097,电白县,297,525000,3
3098,茂南区,297,525000,3
3099,茂港区,297,525000,3
3100,高州市,297,525000,3
3101,四会市,298,526000,3
3102,封开县,298,526000,3
3103,广宁县,298,526000,3
3104,德庆县,298,526000,3
3105,怀集县,298,526000,3
3106,端州区,298,526000,3
3107,高要市,298,526000,3
3108,鼎湖区,298,526000,3
3109,博罗县,299,516000,3
3110,惠东县,299,516000,3
3111,惠城区,299,516000,3
3112,惠阳区,299,516000,3
3113,龙门县,299,516000,3
3114,丰顺县,300,514000,3
3115,五华县,300,514000,3
3116,兴宁市,300,514000,3
3117,大埔县,300,514000,3
3118,平远县,300,514000,3
3119,梅县,300,514000,3
3120,梅江区,300,514000,3
3121,蕉岭县,300,514000,3
3122,城区,301,516600,3
3123,海丰县,301,516600,3
3124,陆丰市,301,516600,3
3125,陆河县,301,516600,3
3126,东源县,302,517000,3
3127,和平县,302,517000,3
3128,源城区,302,517000,3
3129,紫金县,302,517000,3
3130,连平县,302,517000,3
3131,龙川县,302,517000,3
3132,江城区,303,665900,3
3133,阳东县,303,529500,3
3134,阳春市,303,529500,3
3135,阳西县,303,529500,3
3136,佛冈县,304,511500,3
3137,清城区,304,511500,3
3138,清新县,304,511500,3
3139,英德市,304,511500,3
3140,连南瑶族自治县,304,513300,3
3141,连山壮族瑶族自治县,304,125000,3
3142,连州市,304,511500,3
3143,阳山县,304,511500,3
3144,东莞市,305,523000,3
3145,中山市,306,116000,3
3146,湘桥区,307,521000,3
3147,潮安县,307,521000,3
3148,饶平县,307,521000,3
3149,惠来县,308,522000,3
3150,揭东县,308,522000,3
3151,揭西县,308,522000,3
3152,普宁市,308,522000,3
3153,榕城区,308,522000,3
3154,云城区,309,527300,3
3155,云安县,309,527300,3
3156,新兴县,309,527300,3
3157,罗定市,309,527300,3
3158,郁南县,309,527300,3
3159,上林县,310,530000,3
3160,兴宁区,310,530000,3
3161,宾阳县,310,530000,3
3162,横县,310,530000,3
3163,武鸣县,310,530000,3
3164,江南区,310,530000,3
3165,良庆区,310,530000,3
3166,西乡塘区,310,530000,3
3167,邕宁区,310,530000,3
3168,隆安县,310,530000,3
3169,青秀区,310,530000,3
3170,马山县,310,530000,3
3171,三江侗族自治县,311,545500,3
3172,城中区,311,545000,3
3173,柳北区,311,545000,3
3174,柳南区,311,545000,3
3175,柳城县,311,545000,3
3176,柳江县,311,545000,3
3177,融安县,311,545000,3
3178,融水苗族自治县,311,545300,3
3179,鱼峰区,311,545000,3
3180,鹿寨县,311,545000,3
3181,七星区,312,541000,3
3182,临桂县,312,541000,3
3183,全州县,312,541000,3
3184,兴安县,312,541000,3
3185,叠彩区,312,541000,3
3186,平乐县,312,541000,3
3187,恭城瑶族自治县,312,542500,3
3188,永福县,312,541000,3
3189,灌阳县,312,541000,3
3190,灵川县,312,541000,3
3191,秀峰区,312,541000,3
3192,荔浦县,312,541000,3
3193,象山区,312,541000,3
3194,资源县,312,541000,3
3195,阳朔县,312,541000,3
3196,雁山区,312,541000,3
3197,龙胜各族自治县,312,541700,3
3198,万秀区,313,543000,3
3199,岑溪市,313,543000,3
3200,苍梧县,313,543000,3
3201,蒙山县,313,543000,3
3202,藤县,313,543000,3
3203,蝶山区,313,543000,3
3204,长洲区,313,543000,3
3205,合浦县,314,536000,3
3206,海城区,314,536000,3
3207,铁山港区,314,536000,3
3208,银海区,314,536000,3
3209,上思县,315,538000,3
3210,东兴市,315,538000,3
3211,港口区,315,538000,3
3212,防城区,315,538000,3
3213,浦北县,316,535000,3
3214,灵山县,316,535000,3
3215,钦北区,316,535000,3
3216,钦南区,316,535000,3
3217,平南县,317,537000,3
3218,桂平市,317,537000,3
3219,港北区,317,537000,3
3220,港南区,317,537000,3
3221,覃塘区,317,537000,3
3222,兴业县,318,537000,3
3223,北流市,318,537000,3
3224,博白县,318,537000,3
3225,容县,318,537000,3
3226,玉州区,318,537000,3
3227,陆川县,318,537000,3
3228,乐业县,319,533000,3
3229,凌云县,319,533000,3
3230,右江区,319,533000,3
3231,平果县,319,533000,3
3232,德保县,319,533000,3
3233,田东县,319,533000,3
3234,田林县,319,533000,3
3235,田阳县,319,533000,3
3236,西林县,319,533000,3
3237,那坡县,319,533000,3
3238,隆林各族自治县,319,533000,3
3239,靖西县,319,533000,3
3240,八步区,320,542800,3
3241,富川瑶族自治县,320,542700,3
3242,昭平县,320,542800,3
3243,钟山县,320,542800,3
3244,东兰县,321,547000,3
3245,凤山县,321,547000,3
3246,南丹县,321,547000,3
3247,大化瑶族自治县,321,530800,3
3248,天峨县,321,547000,3
3249,宜州市,321,547000,3
3250,巴马瑶族自治县,321,547000,3
3251,环江毛南族自治县,321,547100,3
3252,罗城仫佬族自治县,321,546400,3
3253,都安瑶族自治县,321,530700,3
3254,金城江区,321,547000,3
3255,兴宾区,322,546100,3
3256,合山市,322,546100,3
3257,忻城县,322,546100,3
3258,武宣县,322,546100,3
3259,象州县,322,546100,3
3260,金秀瑶族自治县,322,545700,3
3261,凭祥市,323,532200,3
3262,大新县,323,532200,3
3263,天等县,323,532200,3
3264,宁明县,323,532200,3
3265,扶绥县,323,532200,3
3266,江州区,323,532200,3
3267,龙州县,323,532200,3
3268,琼山区,324,570100,3
3269,秀英区,324,570100,3
3270,美兰区,324,570100,3
3271,龙华区,324,570100,3
3272,三亚市,325,572000,3
3273,五指山市,326,572200,3
3274,琼海市,327,571400,3
3275,儋州市,328,571700,3
3276,文昌市,329,571300,3
3277,万宁市,330,571500,3
3278,东方市,331,572600,3
3279,定安县,332,622650,3
3280,屯昌县,333,571600,3
3281,澄迈县,334,571900,3
3282,临高县,335,645150,3
3283,白沙黎族自治县,336,572800,3
3284,昌江黎族自治县,337,572700,3
3285,乐东黎族自治县,338,572500,3
3286,陵水黎族自治县,339,572400,3
3287,保亭黎族苗族自治县,340,572300,3
3288,琼中黎族苗族自治县,341,572900,3
4209,双流县,385,610000,3
4210,大邑县,385,610000,3
4211,崇州市,385,610000,3
4212,彭州市,385,610000,3
4213,成华区,385,610000,3
4214,新津县,385,610000,3
4215,新都区,385,610000,3
4216,武侯区,385,610000,3
4217,温江区,385,610000,3
4218,蒲江县,385,610000,3
4219,邛崃市,385,610000,3
4220,郫县,385,610000,3
4221,都江堰市,385,610000,3
4222,金堂县,385,610000,3
4223,金牛区,385,610000,3
4224,锦江区,385,610000,3
4225,青白江区,385,610000,3
4226,青羊区,385,610000,3
4227,龙泉驿区,385,610000,3
4228,大安区,386,643000,3
4229,富顺县,386,643000,3
4230,沿滩区,386,643000,3
4231,自流井区,386,643000,3
4232,荣县,386,643000,3
4233,贡井区,386,643000,3
4234,东区,387,617000,3
4235,仁和区,387,617000,3
4236,盐边县,387,617000,3
4237,米易县,387,617000,3
4238,西区,387,617000,3
4239,叙永县,388,646000,3
4240,古蔺县,388,646000,3
4241,合江县,388,646000,3
4242,江阳区,388,646000,3
4243,泸县,388,646000,3
4244,纳溪区,388,646000,3
4245,龙马潭区,388,646000,3
4246,中江县,389,618000,3
4247,什邡市,389,618000,3
4248,广汉市,389,618000,3
4249,旌阳区,389,618000,3
4250,绵竹市,389,618000,3
4251,罗江县,389,618000,3
4252,三台县,390,621000,3
4253,北川羌族自治县,390,621000,3
4254,安县,390,621000,3
4255,平武县,390,621000,3
4256,梓潼县,390,621000,3
4257,江油市,390,621000,3
4258,涪城区,390,621000,3
4259,游仙区,390,621000,3
4260,盐亭县,390,621000,3
4261,元坝区,391,628000,3
4262,利州区,391,628000,3
4263,剑阁县,391,628000,3
4264,旺苍县,391,628000,3
4265,朝天区,391,628000,3
4266,苍溪县,391,628000,3
4267,青川县,391,628000,3
4268,大英县,392,629000,3
4269,安居区,392,629000,3
4270,射洪县,392,629000,3
4271,船山区,392,629000,3
4272,蓬溪县,392,629000,3
4273,东兴区,393,641000,3
4274,威远县,393,641000,3
4275,市中区,393,641000,3
4276,资中县,393,641000,3
4277,隆昌县,393,641000,3
4278,五通桥区,394,614000,3
4279,井研县,394,614000,3
4280,夹江县,394,614000,3
4281,峨眉山市,394,614000,3
4282,峨边彝族自治县,394,614300,3
4283,市中区,394,614000,3
4284,沐川县,394,614000,3
4285,沙湾区,394,614000,3
4286,犍为县,394,614000,3
4287,金口河区,394,614000,3
4288,马边彝族自治县,394,614600,3
4289,仪陇县,395,637000,3
4290,南充市嘉陵区,395,637000,3
4291,南部县,395,637000,3
4292,嘉陵区,395,637000,3
4293,营山县,395,637000,3
4294,蓬安县,395,637000,3
4295,西充县,395,637000,3
4296,阆中市,395,637000,3
4297,顺庆区,395,637000,3
4298,高坪区,395,637000,3
4299,东坡区,396,620000,3
4300,丹棱县,396,620000,3
4301,仁寿县,396,620000,3
4302,彭山县,396,620000,3
4303,洪雅县,396,620000,3
4304,青神县,396,620000,3
4305,兴文县,397,644600,3
4306,南溪区,397,644600,3
4307,宜宾县,397,644600,3
4308,屏山县,397,644600,3
4309,江安县,397,644600,3
4310,珙县,397,644600,3
4311,筠连县,397,644600,3
4312,翠屏区,397,644600,3
4313,长宁县,397,644600,3
4314,高县,397,644600,3
4315,华蓥市,398,638550,3
4316,岳池县,398,638550,3
4317,广安区,398,638550,3
4318,武胜县,398,638550,3
4319,邻水县,398,638550,3
4320,万源市,399,635000,3
4321,大竹县,399,635000,3
4322,宣汉县,399,635000,3
4323,开江县,399,635000,3
4324,渠县,399,635000,3
4325,达县,399,635000,3
4326,通川区,399,635000,3
4327,名山区,400,625000,3
4328,天全县,400,625000,3
4329,宝兴县,400,625000,3
4330,汉源县,400,625000,3
4331,石棉县,400,625000,3
4332,芦山县,400,625000,3
4333,荥经县,400,625000,3
4334,雨城区,400,625000,3
4335,南江县,401,636600,3
4336,巴州区,401,636600,3
4337,平昌县,401,636600,3
4338,通江县,401,636600,3
4339,乐至县,402,641300,3
4340,安岳县,402,641300,3
4341,简阳市,402,641300,3
4342,雁江区,402,641300,3
4343,九寨沟县,403,624600,3
4344,壤塘县,403,624600,3
4345,小金县,403,624600,3
4346,松潘县,403,624600,3
4347,汶川县,403,624600,3
4348,理县,403,624600,3
4349,红原县,403,624600,3
4350,若尔盖县,403,624600,3
4351,茂县,403,624600,3
4352,金川县,403,624600,3
4353,阿坝县,403,624600,3
4354,马尔康县,403,624600,3
4355,黑水县,403,624600,3
4356,丹巴县,404,626700,3
4357,乡城县,404,626700,3
4358,巴塘县,404,626700,3
4359,康定县,404,626700,3
4360,得荣县,404,626700,3
4361,德格县,404,626700,3
4362,新龙县,404,626700,3
4363,泸定县,404,626700,3
4364,炉霍县,404,626700,3
4365,理塘县,404,626700,3
4366,甘孜县,404,626700,3
4367,白玉县,404,626700,3
4368,石渠县,404,626700,3
4369,稻城县,404,626700,3
4370,色达县,404,626700,3
4371,道孚县,404,626700,3
4372,雅江县,404,626700,3
4373,会东县,405,615000,3
4374,会理县,405,615000,3
4375,冕宁县,405,615000,3
4376,喜德县,405,615000,3
4377,宁南县,405,615000,3
4378,布拖县,405,615000,3
4379,德昌县,405,615000,3
4380,昭觉县,405,615000,3
4381,普格县,405,615000,3
4382,木里藏族自治县,405,615800,3
4383,甘洛县,405,615000,3
4384,盐源县,405,615000,3
4385,美姑县,405,615000,3
4386,西昌市,405,615000,3
4387,越西县,405,615000,3
4388,金阳县,405,615000,3
4389,雷波县,405,615000,3
4390,乌当区,406,550000,3
4391,云岩区,406,550000,3
4392,修文县,406,550000,3
4393,南明区,406,550000,3
4394,小河区,406,550000,3
4395,开阳县,406,550000,3
4396,息烽县,406,550000,3
4397,清镇市,406,550000,3
4398,白云区,406,550000,3
4399,花溪区,406,550000,3
4400,六枝特区,407,553000,3
4401,水城县,407,553000,3
4402,盘县,407,553000,3
4403,钟山区,407,553000,3
4404,习水县,408,563100,3
4405,仁怀市,408,563100,3
4406,余庆县,408,563100,3
4407,凤冈县,408,563100,3
4408,务川仡佬族苗族自治县,408,563100,3
4409,桐梓县,408,563100,3
4410,正安县,408,563100,3
4411,汇川区,408,563100,3
4412,湄潭县,408,563100,3
4413,红花岗区,408,563100,3
4414,绥阳县,408,563100,3
4415,赤水市,408,563100,3
4416,道真仡佬族苗族自治县,408,563100,3
4417,遵义县,408,563100,3
4418,关岭布依族苗族自治县,409,561300,3
4419,平坝县,409,561000,3
4420,普定县,409,561000,3
4421,紫云苗族布依族自治县,409,550800,3
4422,西秀区,409,561000,3
4423,镇宁布依族苗族自治县,409,561000,3
4424,万山特区,410,554300,3
4425,印江土家族苗族自治县,410,555200,3
4426,德江县,410,554300,3
4427,思南县,410,554300,3
4428,松桃苗族自治县,410,554100,3
4429,江口县,410,554300,3
4430,沿河土家族自治县,410,565300,3
4431,玉屏侗族自治县,410,554000,3
4432,石阡县,410,554300,3
4433,铜仁市,410,554300,3
4434,兴义市,411,562400,3
4435,兴仁县,411,562400,3
4436,册亨县,411,562400,3
4437,安龙县,411,562400,3
4438,普安县,411,562400,3
4439,晴隆县,411,562400,3
4440,望谟县,411,562400,3
4441,贞丰县,411,562400,3
4442,大方县,412,551700,3
4443,威宁彝族回族苗族自治县,412,553100,3
4444,毕节市,412,551700,3
4445,纳雍县,412,551700,3
4446,织金县,412,551700,3
4447,赫章县,412,551700,3
4448,金沙县,412,551700,3
4449,黔西县,412,551700,3
4450,三穗县,413,556000,3
4451,丹寨县,413,556000,3
4452,从江县,413,556000,3
4453,凯里市,413,556000,3
4454,剑河县,413,556000,3
4455,台江县,413,556000,3
4456,天柱县,413,556000,3
4457,岑巩县,413,556000,3
4458,施秉县,413,556000,3
4459,榕江县,413,556000,3
4460,锦屏县,413,556000,3
4461,镇远县,413,556000,3
4462,雷山县,413,556000,3
4463,麻江县,413,556000,3
4464,黄平县,413,556000,3
4465,黎平县,413,556000,3
4466,三都水族自治县,414,558000,3
4467,平塘县,414,558000,3
4468,惠水县,414,558000,3
4469,独山县,414,558000,3
4470,瓮安县,414,558000,3
4471,福泉市,414,558000,3
4472,罗甸县,414,558000,3
4473,荔波县,414,558000,3
4474,贵定县,414,558000,3
4475,都匀市,414,558000,3
4476,长顺县,414,558000,3
4477,龙里县,414,558000,3
4478,东川区,415,650000,3
4479,五华区,415,650000,3
4480,呈贡区,415,650000,3
4481,安宁市,415,650000,3
4482,官渡区,415,650000,3
4483,宜良县,415,650000,3
4484,富民县,415,650000,3
4485,寻甸回族彝族自治县,415,655200,3
4486,嵩明县,415,650000,3
4487,晋宁县,415,650000,3
4488,盘龙区,415,650000,3
4489,石林彝族自治县,415,650000,3
4490,禄劝彝族苗族自治县,415,651500,3
4491,西山区,415,650000,3
4492,会泽县,416,655000,3
4493,宣威市,416,655000,3
4494,富源县,416,655000,3
4495,师宗县,416,655000,3
4496,沾益县,416,655000,3
4497,罗平县,416,655000,3
4498,陆良县,416,655000,3
4499,马龙县,416,655000,3
4500,麒麟区,416,655000,3
4501,元江哈尼族彝族傣族自治县,417,653300,3
4502,华宁县,417,653100,3
4503,峨山彝族自治县,417,653200,3
4504,新平彝族傣族自治县,417,653400,3
4505,易门县,417,653100,3
4506,江川县,417,653100,3
4507,澄江县,417,653100,3
4508,红塔区,417,653100,3
4509,通海县,417,653100,3
4510,施甸县,418,678000,3
4511,昌宁县,418,678000,3
4512,腾冲县,418,678000,3
4513,隆阳区,418,678000,3
4514,龙陵县,418,678000,3
4515,大关县,419,657000,3
4516,威信县,419,657000,3
4517,巧家县,419,657000,3
4518,彝良县,419,657000,3
4519,昭阳区,419,657000,3
4520,水富县,419,657000,3
4521,永善县,419,657000,3
4522,盐津县,419,657000,3
4523,绥江县,419,657000,3
4524,镇雄县,419,657000,3
4525,鲁甸县,419,657000,3
4526,华坪县,420,674100,3
4527,古城区,420,674100,3
4528,宁蒗彝族自治县,420,674300,3
4529,永胜县,420,674100,3
4530,玉龙纳西族自治县,420,674100,3
4531,临翔区,422,677000,3
4532,云县,422,677000,3
4533,凤庆县,422,677000,3
4534,双江拉祜族佤族布朗族傣族自治县,422,677300,3
4535,永德县,422,677000,3
4536,沧源佤族自治县,422,677400,3
4537,耿马傣族佤族自治县,422,677500,3
4538,镇康县,422,677000,3
4539,元谋县,423,675000,3
4540,南华县,423,675000,3
4541,双柏县,423,675000,3
4542,大姚县,423,675000,3
4543,姚安县,423,675000,3
4544,楚雄市,423,675000,3
4545,武定县,423,675000,3
4546,永仁县,423,675000,3
4547,牟定县,423,675000,3
4548,禄丰县,423,675000,3
4549,个旧市,424,654400,3
4550,元阳县,424,654400,3
4551,屏边苗族自治县,424,661200,3
4552,建水县,424,654400,3
4553,开远市,424,654400,3
4554,弥勒县,424,654400,3
4555,河口瑶族自治县,424,654400,3
4556,泸西县,424,654400,3
4557,石屏县,424,654400,3
4558,红河县,424,654400,3
4559,绿春县,424,654400,3
4560,蒙自市,424,654400,3
4561,金平苗族瑶族傣族自治县,424,661500,3
4562,丘北县,425,663000,3
4563,富宁县,425,663000,3
4564,广南县,425,663000,3
4565,文山市,425,663000,3
4566,砚山县,425,663000,3
4567,西畴县,425,663000,3
4568,马关县,425,663000,3
4569,麻栗坡县,425,663000,3
4570,勐海县,426,666100,3
4571,勐腊县,426,666100,3
4572,景洪市,426,666100,3
4573,云龙县,427,671000,3
4574,剑川县,427,671000,3
4575,南涧彝族自治县,427,675700,3
4576,大理市,427,671000,3
4577,宾川县,427,671000,3
4578,巍山彝族回族自治县,427,672400,3
4579,弥渡县,427,671000,3
4580,永平县,427,671000,3
4581,洱源县,427,671000,3
4582,漾濞彝族自治县,427,672500,3
4583,祥云县,427,671000,3
4584,鹤庆县,427,671000,3
4585,梁河县,428,678400,3
4586,潞西市,428,678400,3
4587,瑞丽市,428,678400,3
4588,盈江县,428,678400,3
4589,陇川县,428,678400,3
4590,德钦县,430,674400,3
4591,维西傈僳族自治县,430,674600,3
4592,香格里拉县,430,674400,3
4593,城关区,431,850000,3
4594,堆龙德庆县,431,850000,3
4595,墨竹工卡县,431,850000,3
4596,尼木县,431,850000,3
4597,当雄县,431,850000,3
4598,曲水县,431,850000,3
4599,林周县,431,850000,3
4600,达孜县,431,850000,3
4601,丁青县,432,854000,3
4602,八宿县,432,854000,3
4603,察雅县,432,854000,3
4604,左贡县,432,854000,3
4605,昌都县,432,854000,3
4606,江达县,432,854000,3
4607,洛隆县,432,854000,3
4608,类乌齐县,432,854000,3
4609,芒康县,432,854000,3
4610,贡觉县,432,854000,3
4611,边坝县,432,854000,3
4612,乃东县,433,856000,3
4613,加查县,433,856000,3
4614,扎囊县,433,856000,3
4615,措美县,433,856000,3
4616,曲松县,433,856000,3
4617,桑日县,433,856000,3
4618,洛扎县,433,856000,3
4619,浪卡子县,433,856000,3
4620,琼结县,433,856000,3
4621,贡嘎县,433,856000,3
4622,错那县,433,856000,3
4623,隆子县,433,856000,3
4624,亚东县,434,857000,3
4625,仁布县,434,857000,3
4626,仲巴县,434,857000,3
4627,南木林县,434,857000,3
4628,吉隆县,434,857000,3
4629,定日县,434,857000,3
4630,定结县,434,857000,3
4631,岗巴县,434,857000,3
4632,康马县,434,857000,3
4633,拉孜县,434,857000,3
4634,日喀则市,434,857000,3
4635,昂仁县,434,857000,3
4636,江孜县,434,857000,3
4637,白朗县,434,857000,3
4638,聂拉木县,434,857000,3
4639,萨嘎县,434,857000,3
4640,萨迦县,434,857000,3
4641,谢通门县,434,857000,3
4642,嘉黎县,435,852000,3
4643,安多县,435,852000,3
4644,尼玛县,435,852000,3
4645,巴青县,435,852000,3
4646,比如县,435,852000,3
4647,班戈县,435,852000,3
4648,申扎县,435,852000,3
4649,索县,435,852000,3
4650,聂荣县,435,852000,3
4651,那曲县,435,852000,3
4652,噶尔县,436,859000,3
4653,措勤县,436,859000,3
4654,改则县,436,859000,3
4655,日土县,436,859000,3
4656,普兰县,436,859000,3
4657,札达县,436,859000,3
4658,革吉县,436,859000,3
4659,墨脱县,437,860100,3
4660,察隅县,437,860100,3
4661,工布江达县,437,860100,3
4662,朗县,437,860100,3
4663,林芝县,437,860100,3
4664,波密县,437,860100,3
4665,米林县,437,860100,3
4666,临潼区,438,710000,3
4667,周至县,438,710000,3
4668,户县,438,710000,3
4669,新城区,438,710000,3
4670,未央区,438,710000,3
4671,灞桥区,438,710000,3
4672,碑林区,438,710000,3
4673,莲湖区,438,710000,3
4674,蓝田县,438,710000,3
4675,长安区,438,710000,3
4676,阎良区,438,710000,3
4677,雁塔区,438,710000,3
4678,高陵县,438,710000,3
4679,印台区,439,727000,3
4680,宜君县,439,727000,3
4681,王益区,439,727000,3
4682,耀州区,439,727000,3
4683,凤县,440,721000,3
4684,凤翔县,440,721000,3
4685,千阳县,440,721000,3
4686,太白县,440,721000,3
4687,岐山县,440,721000,3
4688,扶风县,440,721000,3
4689,渭滨区,440,721000,3
4690,眉县,440,721000,3
4691,金台区,440,721000,3
4692,陇县,440,721000,3
4693,陈仓区,440,721000,3
4694,麟游县,440,721000,3
4695,三原县,441,712000,3
4696,乾县,441,712000,3
4697,兴平市,441,712000,3
4698,彬县,441,712000,3
4699,旬邑县,441,712000,3
4700,杨陵区,441,712000,3
4701,武功县,441,712000,3
4702,永寿县,441,712000,3
4703,泾阳县,441,712000,3
4704,淳化县,441,712000,3
4705,渭城区,441,712000,3
4706,礼泉县,441,712000,3
4707,秦都区,441,712000,3
4708,长武县,441,712000,3
4709,临渭区,442,714000,3
4710,华县,442,714000,3
4711,华阴市,442,714000,3
4712,合阳县,442,714000,3
4713,大荔县,442,714000,3
4714,富平县,442,714000,3
4715,潼关县,442,714000,3
4716,澄城县,442,714000,3
4717,白水县,442,714000,3
4718,蒲城县,442,714000,3
4719,韩城市,442,714000,3
4720,吴起县,443,716000,3
4721,子长县,443,716000,3
4722,安塞县,443,716000,3
4723,宜川县,443,716000,3
4724,宝塔区,443,716000,3
4725,富县,443,716000,3
4726,延川县,443,716000,3
4727,延长县,443,716000,3
4728,志丹县,443,716000,3
4729,洛川县,443,716000,3
4730,甘泉县,443,716000,3
4731,黄陵县,443,716000,3
4732,黄龙县,443,716000,3
4733,佛坪县,444,723000,3
4734,勉县,444,723000,3
4735,南郑县,444,723000,3
4736,城固县,444,723000,3
4737,宁强县,444,723000,3
4738,汉台区,444,723000,3
4739,洋县,444,723000,3
4740,留坝县,444,723000,3
4741,略阳县,444,723000,3
4742,西乡县,444,723000,3
4743,镇巴县,444,723000,3
4744,佳县,445,719000,3
4745,吴堡县,445,719000,3
4746,子洲县,445,719000,3
4747,定边县,445,719000,3
4748,府谷县,445,719000,3
4749,榆林市榆阳区,445,719000,3
4750,横山县,445,719000,3
4751,清涧县,445,719000,3
4752,神木县,445,719000,3
4753,米脂县,445,719000,3
4754,绥德县,445,719000,3
4755,靖边县,445,719000,3
4756,宁陕县,446,725000,3
4757,岚皋县,446,725000,3
4758,平利县,446,725000,3
4759,旬阳县,446,725000,3
4760,汉滨区,446,725000,3
4761,汉阴县,446,725000,3
4762,白河县,446,725000,3
4763,石泉县,446,725000,3
4764,紫阳县,446,725000,3
4765,镇坪县,446,725000,3
4766,丹凤县,447,726000,3
4767,商南县,447,726000,3
4768,商州区,447,726000,3
4769,山阳县,447,726000,3
4770,柞水县,447,726000,3
4771,洛南县,447,726000,3
4772,镇安县,447,726000,3
4773,七里河区,448,730000,3
4774,城关区,448,730000,3
4775,安宁区,448,730000,3
4776,榆中县,448,730000,3
4777,永登县,448,730000,3
4778,皋兰县,448,730000,3
4779,红古区,448,730000,3
4780,西固区,448,730000,3
4781,嘉峪关市,449,735100,3
4782,永昌县,450,737100,3
4783,金川区,450,737100,3
4784,会宁县,451,730900,3
4785,平川区,451,730900,3
4786,景泰县,451,730900,3
4787,白银区,451,730900,3
4788,靖远县,451,730900,3
4789,张家川回族自治县,452,741500,3
4790,武山县,452,741000,3
4791,清水县,452,741000,3
4792,甘谷县,452,741000,3
4793,秦安县,452,741000,3
4794,秦州区,452,741000,3
4795,麦积区,452,741000,3
4796,凉州区,453,733000,3
4797,古浪县,453,733000,3
4798,天祝藏族自治县,453,733200,3
4799,民勤县,453,733000,3
4800,临泽县,454,734000,3
4801,山丹县,454,734000,3
4802,民乐县,454,734000,3
4803,甘州区,454,734000,3
4804,肃南裕固族自治县,454,734400,3
4805,高台县,454,734000,3
4806,华亭县,455,744000,3
4807,崆峒区,455,744000,3
4808,崇信县,455,744000,3
4809,庄浪县,455,744000,3
4810,泾川县,455,744000,3
4811,灵台县,455,744000,3
4812,静宁县,455,744000,3
4813,敦煌市,456,735000,3
4814,玉门市,456,735000,3
4815,瓜州县（原安西县）,456,735000,3
4816,肃北蒙古族自治县,456,736300,3
4817,肃州区,456,735000,3
4818,金塔县,456,735000,3
4819,阿克塞哈萨克族自治县,456,736400,3
4820,华池县,457,745000,3
4821,合水县,457,745000,3
4822,宁县,457,745000,3
4823,庆城县,457,745000,3
4824,正宁县,457,745000,3
4825,环县,457,745000,3
4826,西峰区,457,745000,3
4827,镇原县,457,745000,3
4828,临洮县,458,743000,3
4829,安定区,458,743000,3
4830,岷县,458,743000,3
4831,渭源县,458,743000,3
4832,漳县,458,743000,3
4833,通渭县,458,743000,3
4834,陇西县,458,743000,3
4835,两当县,459,742500,3
4836,宕昌县,459,742500,3
4837,康县,459,742500,3
4838,徽县,459,742500,3
4839,成县,459,742500,3
4840,文县,459,742500,3
4841,武都区,459,742500,3
4842,礼县,459,742500,3
4843,西和县,459,742500,3
4844,东乡族自治县,460,731800,3
4845,临夏县,460,731800,3
4846,临夏市,460,731800,3
4847,和政县,460,731800,3
4848,广河县,460,731800,3
4849,康乐县,460,731800,3
4850,永靖县,460,731800,3
4851,积石山保安族东乡族撒拉族自治县,460,731700,3
4852,临潭县,461,747500,3
4853,卓尼县,461,747600,3
4854,合作市,461,747000,3
4855,夏河县,461,747100,3
4856,玛曲县,461,747300,3
4857,碌曲县,461,747200,3
4858,舟曲县,461,746300,3
4859,迭部县,461,747400,3
4860,城东区,462,810000,3
4861,城中区,462,810000,3
4862,城北区,462,810000,3
4863,城西区,462,810000,3
4864,大通回族土族自治县,462,810100,3
4865,湟中县,462,810000,3
4866,湟源县,462,810000,3
4867,乐都县,463,810600,3
4868,互助土族自治县,463,810500,3
4869,化隆回族自治县,463,810900,3
4870,平安县,463,810600,3
4871,循化撒拉族自治县,463,811100,3
4872,民和回族土族自治县,463,810800,3
4873,刚察县,464,812200,3
4874,海晏县,464,812200,3
4875,祁连县,464,812200,3
4876,门源回族自治县,464,810300,3
4877,同仁县,465,811300,3
4878,尖扎县,465,811300,3
4879,河南蒙古族自治县,465,811300,3
4880,泽库县,465,811300,3
4881,共和县,466,813000,3
4882,兴海县,466,813300,3
4883,同德县,466,813200,3
4884,贵南县,466,813100,3
4885,贵德县,466,811700,3
4886,久治县,467,814000,3
4887,玛多县,467,814000,3
4888,玛沁县,467,814000,3
4889,班玛县,467,814000,3
4890,甘德县,467,814000,3
4891,达日县,467,814000,3
4892,囊谦县,468,815000,3
4893,曲麻莱县,468,815000,3
4894,杂多县,468,815000,3
4895,治多县,468,815000,3
4896,玉树县,468,815000,3
4897,称多县,468,815000,3
4898,乌兰县,469,817000,3
4899,冷湖行委,469,817000,3
4900,大柴旦行委,469,817000,3
4901,天峻县,469,817000,3
4902,德令哈市,469,817000,3
4903,格尔木市,469,817000,3
4904,茫崖行委,469,817000,3
4905,都兰县,469,817000,3
4906,兴庆区,470,750000,3
4907,永宁县,470,750000,3
4908,灵武市,470,750000,3
4909,西夏区,470,750000,3
4910,贺兰县,470,750000,3
4911,金凤区,470,750000,3
4912,大武口区,471,753000,3
4913,平罗县,471,753000,3
4914,惠农区,471,753000,3
4915,利通区,472,751100,3
4916,同心县,472,751100,3
4917,盐池县,472,751100,3
4918,青铜峡市,472,751100,3
4919,原州区,473,756000,3
4920,彭阳县,473,756000,3
4921,泾源县,473,756000,3
4922,西吉县,473,756000,3
4923,隆德县,473,756000,3
4924,中宁县,474,755000,3
4925,沙坡头区,474,755000,3
4926,海原县,474,755000,3
4927,东山区,475,830000,3
4928,乌鲁木齐县,475,830000,3
4929,天山区,475,830000,3
4930,头屯河区,475,830000,3
4931,新市区,475,830000,3
4932,水磨沟区,475,830000,3
4933,沙依巴克区,475,830000,3
4934,达坂城区,475,830000,3
4935,乌尔禾区,476,834000,3
4936,克拉玛依区,476,834000,3
4937,独山子区,476,834000,3
4938,白碱滩区,476,834000,3
4939,吐鲁番市,477,838000,3
4940,托克逊县,477,838000,3
4941,鄯善县,477,838000,3
4942,伊吾县,478,839000,3
4943,哈密市,478,839000,3
4944,巴里坤哈萨克自治县,478,839200,3
4945,吉木萨尔县,479,831100,3
4946,呼图壁县,479,831100,3
4947,奇台县,479,831100,3
4948,昌吉市,479,831100,3
4949,木垒哈萨克自治县,479,831900,3
4950,玛纳斯县,479,831100,3
4951,米泉市,479,831100,3
4952,阜康市,479,831100,3
4953,博乐市,480,833400,3
4954,温泉县,480,833400,3
4955,精河县,480,833400,3
4956,博湖县,481,841000,3
4957,和硕县,481,841000,3
4958,和静县,481,841000,3
4959,尉犁县,481,841000,3
4960,库尔勒市,481,841000,3
4961,焉耆回族自治县,481,841100,3
4962,若羌县,481,841000,3
4963,轮台县,481,841000,3
4964,乌什县,482,843000,3
4965,库车县,482,843000,3
4966,拜城县,482,843000,3
4967,新和县,482,843000,3
4968,柯坪县,482,843000,3
4969,沙雅县,482,843000,3
4970,温宿县,482,843000,3
4971,阿克苏市,482,843000,3
4972,阿瓦提县,482,843000,3
4973,乌恰县,483,845350,3
4974,阿克陶县,483,845350,3
4975,阿合奇县,483,845350,3
4976,阿图什市,483,845350,3
4977,伽师县,484,844000,3
4978,叶城县,484,844000,3
4979,喀什市,484,844000,3
4980,塔什库尔干塔吉克自治县,484,845250,3
4981,岳普湖县,484,844000,3
4982,巴楚县,484,844000,3
4983,泽普县,484,844000,3
4984,疏勒县,484,844000,3
4985,疏附县,484,844000,3
4986,英吉沙县,484,844000,3
4987,莎车县,484,844000,3
4988,麦盖提县,484,844000,3
4989,于田县,485,848000,3
4990,和田县,485,848000,3
4991,和田市,485,848000,3
4992,墨玉县,485,848000,3
4993,民丰县,485,848000,3
4994,洛浦县,485,848000,3
4995,皮山县,485,848000,3
4996,策勒县,485,848000,3
4997,伊宁县,486,835000,3
4998,伊宁市,486,835000,3
4999,奎屯市,486,835000,3
5000,察布查尔锡伯自治县,486,835300,3
5001,尼勒克县,486,835000,3
5002,巩留县,486,835000,3
5003,新源县,486,835000,3
5004,昭苏县,486,835000,3
5005,特克斯县,486,835000,3
5006,霍城县,486,835000,3
5007,乌苏市,487,833300,3
5008,和布克赛尔蒙古自治县,487,834400,3
5009,塔城市,487,834300,3
5010,托里县,487,834500,3
5011,沙湾县,487,832100,3
5012,裕民县,487,834800,3
5013,额敏县,487,834600,3
5014,吉木乃县,488,836800,3
5015,哈巴河县,488,836700,3
5016,富蕴县,488,836100,3
5017,布尔津县,488,836600,3
5018,福海县,488,836400,3
5019,阿勒泰市,488,836500,3
5020,青河县,488,836200,3
5021,石河子市,489,832000,3
5022,阿拉尔市,490,843300,3
5023,图木舒克市,491,844000,3
5024,五家渠市,492,831300,3
5026,开发区,193,246000,3
5027,经济开发区,192,244100,3
5028,北城新区,186,230000,3
5029,滨湖新区,186,230000,3
5030,高新技术开发区,186,230000,3
5031,经济技术开发区,186,230000,3
5032,新站综合开发试验区,186,230000,3
5033,政务文化新区,186,230000,3
5034,高新技术开发区,189,232000,3
5035,博望区,190,243000,3
5036,含山县,190,243000,3
5037,和县,190,243000,3
5038,无为县,187,241100,3
5039,经济开发区,197,234000,3
5040,崇文区,36,100000,3
5041,宣武区,36,100000,3
5042,东侨开发区,211,352000,3
5043,镇原县,455,744000,3
5044,枫溪区,307,521000,3
5045,广州大学城,289,510000,3
5046,大亚湾区,299,516000,3
5047,东山区,308,522000,3
5048,大鹏新区,291,518000,3
5049,光明新区,291,518000,3
5050,龙华新区,291,518000,3
5051,坪山新区,291,518000,3
5052,经济技术开发区,296,524000,3
5053,平桂管理区,320,542800,3
5054,观山湖区,406,550000,3
5055,开发区,82,065000,3
5056,曹妃甸区,74,063000,3
5057,开发区,244,455100,3
5058,伊滨区,242,471000,3
5059,高新技术开发区,240,450000,3
5060,经济开发区,240,450000,3
5061,郑东新区,240,450000,3
5062,东新区,255,466000,3
5063,经济开发区,255,466000,3
5064,让胡路区,135,163000,3
5065,经济技术开发区,259,435000,3
5066,经济技术开发区,258,430000,3
5067,经济技术开发区,121,130000,3
5068,高新技术开发区,121,130000,3
5069,汽车产业开发区,121,130000,3
5070,经济开发区,169,223001,3
5071,经济开发区,167,226000,3
5072,高新区,166,215000,3
5073,新区,163,214000,3
5074,宿迁经济开发区,174,223800,3
5075,八段工业园区,174,223800,3
5076,铜山经济技术开发区,174,223800,3
5077,金山桥开发区,174,223800,3
5078,丹徒新区,172,212000,3
5079,镇江新区,172,212000,3
5080,八里湖新区,215,332100,3
5081,经济技术开发区,215,332100,3
5082,庐山风景名胜区,215,332100,3
5083,昌北区,212,330200,3
5084,高新区,212,330200,3
5085,红谷滩新区,212,330200,3
5086,大连开发区,108,116000,3
5087,高新园区,108,116000,3
5088,经济技术开发区,113,121000,3
5089,道义开发区,107,110000,3
5090,浑南新区,107,110000,3
5091,康巴什新区,100,017000,3
5092,红寺堡开发区,472,751100,3
5093,北海新区,238,536000,3
5094,高新区,223,250000,3
5095,高新区,230,272000,3
5096,新市区,233,276800,3
5097,工业新区,232,264200,3
5098,高新区,229,261000,3
5099,开发区,228,264000,3
5100,高新区,385,610000,3
5101,高新西区,385,610000,3
5102,九龙县,404,626700,3
5103,高新区,390,621000,3
5104,经开区,390,621000,3
5105,大港区,40,300000,3
5106,汉沽区,40,300000,3
5107,北屯市,488,836000,3
5108,怒江州,25,673100,2
5109,普洱市,25,665000,2
5110,福贡县,5108,673100,3
5111,贡山县,5108,673500,3
5112,兰坪县,5108,671400,3
5113,泸水县,5108,673100,3
5114,江城县,5109,665900,3
5115,景东县,5109,676200,3
5116,景谷县,5109,666400,3
5117,澜沧县,5109,665600,3
5118,孟连县,5109,665800,3
5119,墨江县,5109,654800,3
5120,宁洱县,5109,665100,3
5121,思茅区,5109,665000,3
5122,西盟县,5109,665700,3
5123,镇沅县,5109,666500,3
5124,下沙区,175,310000,3
5125,高新科技开发区,176,315000,3
5126,茶山高教园区,177,325000,3
5127,柯桥区,180,312000,3
5128,北部新区,62,404100,3
5129,高新区,62,404100,3
5130,净月区,121,130000,3
5131,共青城市,215,332100,3
5132,龙虎山风景旅游区,217,335000,3
5133,姑苏区,166,215000,3
5134,叶集区,199,237000,3
